     0/299        0G    0.1172   0.03101   0.03729    0.1855         6       640         0         0         0         0         0   0.01738         0
     1/299        0G   0.09924   0.02997   0.03249    0.1617         8       640         0         0         0         0         0   0.01556         0
     2/299        0G    0.1124   0.03185   0.03594    0.1802         7       640         0         0         0         0         0   0.01339         0
     3/299        0G   0.09683   0.03137   0.03037    0.1586        11       640         0         0         0         0         0   0.01238         0
     4/299        0G    0.1023   0.03487   0.03226    0.1695        15       640         0         0         0         0         0   0.01189         0
     5/299        0G    0.1091   0.03083   0.03303     0.173        10       640         0         0         0         0         0   0.01098         0
     6/299        0G   0.09262   0.03147   0.02929    0.1534        11       640         0         0         0         0         0  0.009988         0
     7/299        0G   0.09102   0.03029   0.02825    0.1496         4       640         0         0         0         0         0  0.008804         0
     8/299        0G   0.08752   0.03313   0.02878    0.1494         8       640         0         0         0         0         0  0.008462         0
     9/299        0G   0.08734   0.03403   0.02814    0.1495        15       640         0         0         0         0         0  0.008176         0
    10/299        0G   0.08666   0.02997   0.02867    0.1453        10       640         0         0         0         0         0   0.00823         0
    11/299        0G   0.08097   0.03141   0.02816    0.1405         6       640         0         0         0         0         0  0.007919         0
    12/299        0G   0.07812   0.03342   0.02694    0.1385         9       640         0         0         0         0         0  0.007398         0
    13/299        0G   0.07929   0.02791   0.02475     0.132         7       640         0         0         0         0         0  0.007294         0
    14/299        0G   0.07262   0.03258   0.02356    0.1288         9       640         0         0         0         0         0  0.007065         0
    15/299        0G   0.07113   0.03099   0.02662    0.1287         9       640         0         0         0         0         0  0.006962         0
    16/299        0G   0.07093   0.03047   0.02262     0.124         7       640         0         0         0         0         0   0.00656         0
    17/299        0G   0.07348   0.03532   0.02392    0.1327         5       640         0         0         0         0         0  0.006542         0
    18/299        0G   0.07252   0.03612   0.02236     0.131         7       640         0         0         0         0         0  0.006118         0
    19/299        0G   0.06599    0.0338   0.02025      0.12        10       640         0         0         0         0         0  0.005841         0
    20/299        0G   0.06471    0.0319   0.01791    0.1145        13       640         0         0         0         0         0  0.005746         0
    21/299        0G   0.06524    0.0333   0.02069    0.1192        11       640         0         0         0         0         0  0.006076         0
    22/299        0G   0.06613   0.03215   0.01945    0.1177         4       640         0         0         0         0         0  0.006323         0
    23/299        0G   0.07214   0.03356   0.02512    0.1308        13       640         0         0         0         0         0  0.005667         0
    24/299        0G   0.06699   0.03057   0.02084    0.1184         6       640         0         0         0         0         0  0.005054         0
    25/299        0G    0.0658    0.0337   0.01926    0.1188        12       640         0         0         0         0         0  0.004924         0
    26/299        0G   0.06228    0.0322   0.01786    0.1123         5       640         0         0         0         0         0  0.005064         0
    27/299        0G    0.0655   0.03085   0.01791    0.1143         7       640         0         0         0         0         0  0.006799         0
    28/299        0G    0.0599   0.02897   0.01431    0.1032         5       640         0         0         0         0         0  0.006189         0
    29/299        0G   0.05495   0.03441    0.0168    0.1062         9       640         0         0         0         0         0  0.005842         0
    30/299        0G   0.06101    0.0324   0.01917    0.1126         7       640         0         0         0         0         0  0.005779         0
    31/299        0G    0.0613   0.02931     0.018    0.1086        10       640         0         0         0         0         0  0.005944         0
    32/299        0G   0.05879   0.02961   0.01829    0.1067        11       640         0         0         0         0         0  0.004619         0
    33/299        0G    0.0561   0.02933   0.01322   0.09865         9       640         0         0         0         0         0  0.004098         0
    34/299        0G    0.0591   0.03244   0.01472    0.1063         7       640         0         0         0         0         0  0.003794         0
    35/299        0G   0.06129   0.02998   0.01765    0.1089         9       640         0         0         0         0         0  0.003844         0
    36/299        0G   0.05079    0.0283    0.0118   0.09089         8       640         0         0         0         0         0  0.003597         0
    37/299        0G   0.06062   0.02802   0.01585    0.1045         6       640         0         0         0         0         0  0.003368         0
    38/299        0G   0.05798   0.02727    0.0115   0.09675         6       640         0         0         0         0         0  0.003927         0
    39/299        0G    0.0632   0.02702   0.01341    0.1036         6       640         0         0         0         0         0  0.004672         0
    40/299        0G   0.05619   0.02643   0.01432   0.09693        10       640         0         0         0         0         0  0.004842         0
    41/299        0G   0.06374   0.02556   0.01468     0.104         7       640         0         0         0         0         0  0.004306         0
    42/299        0G   0.05224   0.02252  0.009882   0.08465         6       640         0         0         0         0         0  0.003705         0
    43/299        0G   0.05337   0.02907   0.01278   0.09522        12       640         0         0         0         0         0  0.003649         0
    44/299        0G   0.05367   0.02618   0.01398   0.09382         5       640         0         0         0         0         0   0.00454         0
    45/299        0G   0.05491   0.02585   0.01313   0.09389         9       640         0         0         0         0         0  0.005376         0
    46/299        0G    0.0524    0.0257   0.01172   0.08983         4       640         0         0         0         0         0  0.005161         0
    47/299        0G   0.06057   0.02683  0.009969   0.09737         4       640         0         0         0         0         0  0.004503         0
    48/299        0G   0.05803   0.02593  0.007142   0.09111        19       640         0         0         0         0         0  0.004064         0
    49/299        0G   0.05843   0.02377  0.008641   0.09084         8       640         0         0         0         0         0  0.003883         0
    50/299        0G    0.0504   0.02711   0.01067   0.08817         9       640         0         0         0         0         0  0.004186         0
    51/299        0G   0.05436   0.02809  0.009534   0.09199         7       640         0         0         0         0         0  0.004529         0
    52/299        0G    0.0574   0.02574  0.007852   0.09099        11       640         0         0         0         0         0  0.003835         0
    53/299        0G   0.04758   0.02589  0.009105   0.08258        12       640         0         0         0         0         0  0.004661         0
    54/299        0G    0.0499   0.02453  0.006099   0.08053         6       640         0         0         0         0         0  0.004553         0
    55/299        0G   0.05357   0.02445  0.005669   0.08369         5       640         0         0         0         0         0   0.00397         0
    56/299        0G   0.05219   0.02259  0.007527   0.08231         8       640         0         0         0         0         0  0.003639         0
    57/299        0G   0.05845   0.02035  0.005292    0.0841         3       640         0         0         0         0         0  0.003841         0
    58/299        0G   0.05349    0.0231  0.005977   0.08257         9       640         0         0         0         0         0  0.003679         0
    59/299        0G   0.05217   0.02185  0.009642   0.08366         7       640         0         0         0         0         0  0.004592         0
    60/299        0G   0.05781   0.02286  0.008151   0.08882        10       640         0         0         0         0         0  0.003864         0
    61/299        0G   0.06105   0.02405  0.008044   0.09314        13       640         0         0         0         0         0  0.002821         0
    62/299        0G    0.0557   0.02141   0.00672   0.08383         6       640         0         0         0         0         0  0.002639         0
    63/299        0G   0.05741   0.02419   0.01099    0.0926         6       640         0         0         0         0         0  0.003784         0
    64/299        0G   0.05263    0.0217   0.01385   0.08819        10       640         0         0         0         0         0  0.003875         0
    65/299        0G   0.06226   0.02195  0.007784     0.092         7       640         0         0         0         0         0  0.003268         0
    66/299        0G   0.06211   0.02887  0.008342   0.09932        11       640         0         0         0         0         0  0.003755         0
    67/299        0G   0.05111   0.02344   0.00518   0.07973         6       640         0         0         0         0         0   0.00439         0
    68/299        0G   0.05625   0.02392  0.007222   0.08739        14       640         0         0         0         0         0  0.004389         0
    69/299        0G   0.05475   0.02126  0.005358   0.08137         5       640         0         0         0         0         0  0.004401         0
    70/299        0G   0.05579   0.02163  0.005357   0.08277         7       640         0         0         0         0         0  0.004646         0
    71/299        0G   0.05221   0.02366  0.006803   0.08267         8       640         0         0         0         0         0  0.004825         0
    72/299        0G   0.05861   0.02391  0.004788   0.08731        11       640         0         0         0         0         0  0.004197         0
    73/299        0G   0.05836   0.02424  0.007441   0.09005         5       640         0         0         0         0         0  0.004216         0
    74/299        0G   0.04962    0.0236  0.005023   0.07824         6       640         0         0         0         0         0  0.003983         0
    75/299        0G   0.05534   0.02373  0.006977   0.08604         8       640         0         0         0         0         0  0.003842         0
    76/299        0G   0.05604   0.02369  0.006343   0.08607        10       640         0         0         0         0         0  0.004612         0
    77/299        0G    0.0584    0.0239  0.007465   0.08977        11       640         0         0         0         0         0  0.003171         0
    78/299        0G    0.0493   0.02421  0.005407   0.07892         8       640         0         0         0         0         0  0.004597         0
    79/299        0G   0.04951   0.02465  0.008025   0.08219        11       640         0         0         0         0         0  0.004156         0
    80/299        0G   0.04652   0.02346   0.01058   0.08056         9       640         0         0         0         0         0  0.004502         0
    81/299        0G   0.05675   0.02184  0.005918    0.0845         5       640         0         0         0         0         0  0.002888         0
    82/299        0G   0.05455   0.02221  0.005359   0.08212         5       640         0         0         0         0         0  0.003065         0
    83/299        0G    0.0485   0.02262  0.006967   0.07808        10       640         0         0         0         0         0  0.003122         0
    84/299        0G   0.04707   0.02197  0.007345   0.07639         4       640         0         0         0         0         0  0.003536         0
    85/299        0G   0.04857    0.0211   0.01162   0.08129         6       640         0         0         0         0         0  0.004455         0
    86/299        0G   0.05518   0.02215  0.005287   0.08262         7       640         0         0         0         0         0  0.004001         0
    87/299        0G   0.05789    0.0221  0.006131   0.08612         6       640         0         0         0         0         0  0.003348         0
    88/299        0G   0.05956   0.02201  0.008852   0.09042         8       640         0         0         0         0         0  0.003332         0
    89/299        0G    0.0495   0.02214  0.005811   0.07745         9       640         0         0         0         0         0  0.003754         0
    90/299        0G   0.05088   0.02523  0.009749   0.08585         6       640         0         0         0         0         0   0.00366         0
    91/299        0G   0.04969    0.0241   0.00682   0.08061         6       640         0         0         0         0         0  0.003322         0
    92/299        0G   0.04959   0.02078   0.01022   0.08059         9       640         0         0         0         0         0  0.002667         0
    93/299        0G   0.04592    0.0222  0.007413   0.07553        10       640         0         0         0         0         0  0.002928         0
    94/299        0G   0.04543   0.02464  0.009286   0.07935         7       640         0         0         0         0         0  0.003809         0
    95/299        0G   0.05018   0.02413  0.009113   0.08342        14       640         0         0         0         0         0  0.003803         0
    96/299        0G   0.04594   0.02156  0.006097    0.0736        10       640         0         0         0         0         0   0.00271         0
    97/299        0G   0.05083   0.02679   0.00514   0.08276        11       640         0         0         0         0         0   0.00286         0
    98/299        0G   0.04989   0.02333  0.007415   0.08063        14       640         0         0         0         0         0  0.003296         0
    99/299        0G   0.04593   0.02257  0.005932   0.07444        10       640         0         0         0         0         0  0.003464         0
   100/299        0G   0.04691   0.02183  0.006967   0.07571         6       640         0         0         0         0         0  0.003132         0
   101/299        0G   0.04478   0.02287  0.005998   0.07365         5       640         0         0         0         0         0  0.003108         0
   102/299        0G    0.0544   0.02335  0.006098   0.08384        13       640         0         0         0         0         0  0.002735         0
   103/299        0G   0.05903   0.01973  0.005063   0.08382         8       640         0         0         0         0         0  0.002735         0
   104/299        0G   0.06192   0.01937  0.004289   0.08558         4       640         0         0         0         0         0  0.003299         0
   105/299        0G   0.04855   0.02154  0.004541   0.07463        11       640         0         0         0         0         0  0.004156         0
   106/299        0G   0.04912   0.02131   0.01101   0.08144         7       640         0         0         0         0         0  0.004284         0
   107/299        0G   0.04825   0.02113   0.00677   0.07615         5       640         0         0         0         0         0  0.004811         0
   108/299        0G   0.04764   0.01883  0.006733    0.0732         8       640         0         0         0         0         0   0.00352         0
   109/299        0G    0.0487   0.02389  0.003308    0.0759        10       640         0         0         0         0         0  0.003052         0
   110/299        0G   0.04264   0.02468  0.004982    0.0723        14       640         0         0         0         0         0  0.003268         0
   111/299        0G   0.04683   0.02353   0.00556   0.07591         7       640         0         0         0         0         0  0.003771         0
   112/299        0G   0.04443   0.02231  0.005518   0.07225         7       640         0         0         0         0         0  0.004886         0
   113/299        0G   0.04267   0.02035  0.003931   0.06695         6       640         0         0         0         0         0  0.004523         0
   114/299        0G    0.0556   0.02376  0.004171   0.08353         9       640         0         0         0         0         0  0.004182         0
   115/299        0G   0.04709    0.0245  0.004695   0.07628        11       640         0         0         0         0         0  0.004362         0
   116/299        0G   0.04693    0.0229  0.003831   0.07367        13       640         0         0         0         0         0  0.003951         0
   117/299        0G   0.04225    0.0235   0.00819   0.07394         8       640         0         0         0         0         0  0.004311         0
   118/299        0G   0.04738   0.02178  0.004938    0.0741        12       640         0         0         0         0         0  0.004613         0
   119/299        0G   0.04357   0.02243  0.004419   0.07042         7       640         0         0         0         0         0  0.006132         0
   120/299        0G   0.04108   0.02121   0.00648   0.06876         3       640         0         0         0         0         0  0.006465         0
   121/299        0G   0.05474   0.02188  0.004353   0.08097         9       640         0         0         0         0         0  0.003683         0
   122/299        0G   0.04434   0.01904  0.004774   0.06815         6       640         0         0         0         0         0  0.003132         0
   123/299        0G   0.04279    0.0199  0.006354   0.06905         9       640         0         0         0         0         0  0.003413         0
   124/299        0G   0.04373   0.02161  0.003778   0.06911         7       640         0         0         0         0         0  0.003998         0
   125/299        0G   0.03683    0.0229  0.005545   0.06527        10       640         0         0         0         0         0  0.004577         0
   126/299        0G   0.03871   0.01994  0.004997   0.06364        12       640         0         0         0         0         0  0.004698         0
   127/299        0G   0.03625   0.01815  0.007772   0.06217         6       640         0         0         0         0         0   0.00497         0
   128/299        0G   0.04567   0.02417  0.004139   0.07398        10       640         0         0         0         0         0  0.004221         0
   129/299        0G   0.04886    0.0203  0.003133   0.07229        12       640         0         0         0         0         0  0.002663         0
   130/299        0G     0.049   0.02144  0.004798   0.07524        15       640         0         0         0         0         0  0.002626         0
   131/299        0G   0.04434   0.02255  0.004698   0.07159         9       640         0         0         0         0         0  0.002857         0
   132/299        0G   0.04194   0.02213  0.005144   0.06921         9       640         0         0         0         0         0  0.003114         0
   133/299        0G   0.03797   0.01933  0.005575   0.06287         6       640         0         0         0         0         0   0.00361         0
   134/299        0G   0.03831   0.02053  0.004078   0.06292         4       640         0         0         0         0         0  0.003599         0
   135/299        0G   0.04121   0.02058  0.007826   0.06961        11       640         0         0         0         0         0  0.003745         0
   136/299        0G   0.04145   0.02287  0.003087   0.06741        16       640         0         0         0         0         0  0.003899         0
   137/299        0G   0.03712   0.02009  0.002903   0.06011        10       640         0         0         0         0         0  0.003977         0
   138/299        0G   0.04214   0.01977  0.003592    0.0655         5       640         0         0         0         0         0  0.003962         0
   139/299        0G   0.04246   0.02123   0.00675   0.07044        11       640         0         0         0         0         0  0.003789         0
   140/299        0G   0.04174   0.01898  0.004919   0.06564         8       640         0         0         0         0         0  0.003823         0
   141/299        0G   0.03494   0.02077  0.003332   0.05904         9       640         0         0         0         0         0  0.003814         0
   142/299        0G   0.03981   0.02185  0.004551   0.06621         9       640         0         0         0         0         0  0.003746         0
   143/299        0G   0.03664   0.01928  0.004463   0.06038         9       640         0         0         0         0         0  0.003603         0
   144/299        0G   0.04039   0.02145  0.004394   0.06624         7       640         0         0         0         0         0  0.004668         0
   145/299        0G   0.04218   0.02143  0.004343   0.06795         9       640         0         0         0         0         0   0.00487         0
   146/299        0G   0.04418   0.01984  0.003596   0.06761         5       640         0         0         0         0         0  0.004007         0
   147/299        0G   0.04159   0.01715  0.003885   0.06263         5       640         0         0         0         0         0  0.003373         0
   148/299        0G    0.0429   0.02398  0.003853   0.07074        11       640         0         0         0         0         0  0.003072         0
   149/299        0G   0.04046   0.01949  0.003345   0.06329         8       640         0         0         0         0         0  0.003079         0
   150/299        0G   0.03831   0.01975  0.003768   0.06183         8       640         0         0         0         0         0   0.00343         0
   151/299        0G    0.0412   0.01919  0.003497   0.06389         7       640         0         0         0         0         0  0.003548         0
   152/299        0G   0.03717   0.01881  0.004459   0.06044         7       640         0         0         0         0         0    0.0042         0
   153/299        0G   0.03799   0.02101  0.002847   0.06185        15       640         0         0         0         0         0  0.004359         0
   154/299        0G   0.04351   0.02149  0.005985   0.07098        10       640         0         0         0         0         0   0.00435         0
   155/299        0G   0.04178   0.01927  0.003012   0.06406        10       640         0         0         0         0         0  0.003752         0
   156/299        0G   0.03777   0.01703  0.002688   0.05748         8       640         0         0         0         0         0  0.003896         0
   157/299        0G    0.0387   0.02249   0.00311    0.0643        11       640         0         0         0         0         0  0.003875         0
   158/299        0G   0.03195   0.01672  0.004399   0.05307         7       640         0         0         0         0         0  0.003981         0
   159/299        0G   0.03751   0.02021  0.004297   0.06202        11       640         0         0         0         0         0  0.004182         0
   160/299        0G   0.04068   0.01873  0.003629   0.06304         8       640         0         0         0         0         0  0.004612         0
   161/299        0G   0.04205    0.0217  0.003213   0.06696         4       640         0         0         0         0         0  0.004801         0
   162/299        0G   0.03588   0.01967  0.002672   0.05823         6       640         0         0         0         0         0  0.005026         0
   163/299        0G   0.04271   0.01772  0.003159   0.06359         5       640         0         0         0         0         0   0.00388         0
   164/299        0G   0.03695   0.01973  0.003531    0.0602         7       640         0         0         0         0         0  0.003833         0
   165/299        0G   0.03206   0.01748  0.006476   0.05602         8       640         0         0         0         0         0  0.003913         0
   166/299        0G   0.03551   0.02047  0.004735   0.06071         7       640         0         0         0         0         0  0.003828         0
   167/299        0G   0.03607   0.02092  0.003557   0.06054        10       640         0         0         0         0         0  0.003845         0
   168/299        0G    0.0327   0.01845  0.002377   0.05353         3       640         0         0         0         0         0  0.004302         0
   169/299        0G   0.03789   0.01996  0.002388   0.06023         5       640         0         0         0         0         0  0.003988         0
   170/299        0G   0.03932   0.01826   0.00285   0.06042         9       640         0         0         0         0         0  0.003897         0
   171/299        0G   0.03755   0.01735  0.002837   0.05774         5       640         0         0         0         0         0  0.003673         0
   172/299        0G   0.03595   0.01769   0.00344   0.05708         7       640         0         0         0         0         0  0.003761         0
   173/299        0G   0.03388   0.01879  0.002242   0.05492         3       640         0         0         0         0         0  0.004097         0
   174/299        0G   0.03244   0.01952  0.003478   0.05544        10       640         0         0         0         0         0  0.004339         0
   175/299        0G    0.0345   0.01797  0.001999   0.05446         9       640         0         0         0         0         0  0.004497         0
   176/299        0G   0.03494   0.01801  0.001854   0.05481        10       640         0         0         0         0         0  0.004775         0
   177/299        0G   0.03563   0.01903   0.00303   0.05769        11       640         0         0         0         0         0  0.005049         0
   178/299        0G   0.03927   0.01803  0.001835   0.05914         8       640         0         0         0         0         0  0.004538         0
   179/299        0G   0.03101   0.01889  0.002292    0.0522         8       640         0         0         0         0         0  0.004099         0
   180/299        0G   0.03143    0.0179  0.002031   0.05136        10       640         0         0         0         0         0  0.003898         0
   181/299        0G   0.02815    0.0162  0.001793   0.04614         8       640         0         0         0         0         0  0.003821         0
   182/299        0G   0.03659   0.01714  0.002676    0.0564        14       640         0         0         0         0         0  0.003896         0
   183/299        0G   0.03704   0.01787  0.002793    0.0577        10       640         0         0         0         0         0  0.003941         0
   184/299        0G    0.0324   0.01824  0.002208   0.05285         5       640         0         0         0         0         0   0.00425         0
   185/299        0G   0.04171    0.0163  0.002359   0.06037        10       640         0         0         0         0         0  0.003746         0
   186/299        0G   0.04301    0.0156  0.001927   0.06053         4       640         0         0         0         0         0  0.003513         0
   187/299        0G   0.03817   0.01816  0.002382   0.05872         7       640         0         0         0         0         0   0.00352         0
   188/299        0G   0.03305   0.01774  0.002874   0.05366        11       640         0         0         0         0         0    0.0033         0
   189/299        0G   0.03462   0.01713  0.003542   0.05529        11       640         0         0         0         0         0  0.003245         0
   190/299        0G   0.03276   0.01598   0.00304   0.05178         5       640         0         0         0         0         0  0.003383         0
   191/299        0G   0.03359   0.01845  0.004547   0.05659         9       640         0         0         0         0         0  0.003595         0
   192/299        0G   0.03268   0.01835  0.002566    0.0536         4       640         0         0         0         0         0  0.004015         0
   193/299        0G   0.03655   0.01776  0.005052   0.05937        14       640         0         0         0         0         0  0.004434         0
   194/299        0G   0.03539   0.01774  0.002361    0.0555         6       640         0         0         0         0         0  0.004795         0
   195/299        0G    0.0298   0.01873  0.003016   0.05155         9       640         0         0         0         0         0  0.004881         0
   196/299        0G   0.03443    0.0194  0.003738   0.05757         4       640         0         0         0         0         0   0.00485         0
   197/299        0G   0.02932   0.01817  0.001364   0.04885        11       640         0         0         0         0         0  0.004938         0
   198/299        0G    0.0335   0.01779  0.002263   0.05356        12       640         0         0         0         0         0  0.004871         0
   199/299        0G   0.02745   0.01564  0.001395   0.04448         5       640         0         0         0         0         0  0.004785         0
   200/299        0G   0.03277   0.01867   0.00156   0.05301        10       640         0         0         0         0         0  0.004572         0
   201/299        0G   0.03172   0.01621  0.002539   0.05047         9       640         0         0         0         0         0  0.004159         0
   202/299        0G   0.03461   0.01771  0.001564   0.05388        11       640         0         0         0         0         0   0.00395         0
   203/299        0G   0.03452   0.01758  0.001214   0.05332         5       640         0         0         0         0         0  0.003816         0
   204/299        0G   0.03048   0.01744  0.002431   0.05035         8       640         0         0         0         0         0   0.00371         0
   205/299        0G   0.02956   0.01744  0.003834   0.05083        10       640         0         0         0         0         0  0.003836         0
   206/299        0G   0.03322   0.01909  0.002365   0.05467        15       640         0         0         0         0         0  0.003983         0
   207/299        0G     0.034    0.0176  0.001341   0.05294        14       640         0         0         0         0         0  0.004131         0
   208/299        0G   0.02951   0.01839  0.002091   0.04999        12       640         0         0         0         0         0  0.004441         0
   209/299        0G   0.03012   0.01794  0.001472   0.04953         9       640         0         0         0         0         0   0.00461         0
   210/299        0G   0.03459    0.0164  0.002963   0.05395         9       640         0         0         0         0         0  0.004765         0
   211/299        0G   0.03365   0.01532  0.001745   0.05072         9       640         0         0         0         0         0  0.004846         0
   212/299        0G   0.02936   0.01816  0.001341   0.04886         9       640         0         0         0         0         0  0.004858         0
   213/299        0G   0.02658   0.01604   0.00177   0.04439        10       640         0         0         0         0         0  0.004873         0
   214/299        0G   0.03386   0.01807  0.001976   0.05391         9       640         0         0         0         0         0  0.004931         0
   215/299        0G    0.0296   0.01568   0.00227   0.04755         7       640         0         0         0         0         0  0.005157         0
   216/299        0G   0.03542   0.01826  0.003023   0.05671         6       640         0         0         0         0         0  0.005534         0
   217/299        0G   0.02891   0.01694    0.0018   0.04765        13       640         0         0         0         0         0  0.005414         0
   218/299        0G   0.03261   0.01866  0.001546   0.05282        17       640         0         0         0         0         0  0.005158         0
   219/299        0G   0.03229   0.01577  0.001769   0.04984         9       640         0         0         0         0         0  0.004695         0
   220/299        0G   0.02528   0.01754  0.001257   0.04407        11       640         0         0         0         0         0  0.004583         0
   221/299        0G   0.02939   0.01678  0.003305   0.04948         7       640         0         0         0         0         0  0.004501         0
   222/299        0G   0.02696    0.0144  0.001121   0.04249         8       640         0         0         0         0         0  0.004432         0
   223/299        0G   0.02569   0.01659  0.003836   0.04612         5       640         0         0         0         0         0  0.004357         0
   224/299        0G   0.02853    0.0152  0.001267     0.045         9       640         0         0         0         0         0  0.004433         0
   225/299        0G   0.03433   0.01789  0.005157   0.05738        13       640         0         0         0         0         0  0.004549         0
   226/299        0G   0.03061    0.0166   0.00214   0.04935         8       640         0         0         0         0         0  0.004657         0
   227/299        0G   0.03174   0.01687  0.001439   0.05005         7       640         0         0         0         0         0  0.004616         0
   228/299        0G    0.0264   0.01573  0.001694   0.04382         9       640         0         0         0         0         0  0.004775         0
   229/299        0G   0.02834   0.01754  0.002024   0.04791         7       640         0         0         0         0         0  0.004891         0
   230/299        0G   0.03067   0.01582  0.003716   0.05021         7       640         0         0         0         0         0  0.004966         0
   231/299        0G   0.02378   0.01607  0.001149     0.041        10       640         0         0         0         0         0  0.005061         0
   232/299        0G   0.02617   0.01548  0.002833   0.04448        10       640         0         0         0         0         0  0.004996         0
   233/299        0G   0.02711   0.01672  0.001487   0.04531         9       640         0         0         0         0         0  0.004894         0
   234/299        0G   0.03391   0.01768  0.001562   0.05314        11       640         0         0         0         0         0  0.004617         0
   235/299        0G   0.03263   0.01447  0.001005    0.0481         4       640         0         0         0         0         0  0.004493         0
   236/299        0G   0.03489   0.01585  0.001992   0.05273         8       640         0         0         0         0         0  0.004511         0
   237/299        0G   0.03128   0.01493  0.002521   0.04873        10       640         0         0         0         0         0  0.004466         0
   238/299        0G   0.02821   0.01433  0.001384   0.04392         4       640         0         0         0         0         0  0.004429         0
   239/299        0G   0.02522    0.0179   0.00229    0.0454        15       640         0         0         0         0         0  0.004424         0
   240/299        0G   0.02786    0.0155  0.002804   0.04617         6       640         0         0         0         0         0  0.004504         0
   241/299        0G   0.02798   0.01611  0.001809    0.0459         6       640         0         0         0         0         0  0.004557         0
   242/299        0G   0.02779   0.01685  0.001619   0.04626        12       640         0         0         0         0         0  0.004685         0
   243/299        0G   0.02877   0.01606  0.002224   0.04705        10       640         0         0         0         0         0  0.004619         0
   244/299        0G   0.02521   0.01578  0.002487   0.04348         8       640         0         0         0         0         0  0.004645         0
   245/299        0G    0.0266   0.01428  0.001708    0.0426        13       640         0         0         0         0         0  0.004759         0
   246/299        0G   0.02783   0.01619  0.001985     0.046         6       640         0         0         0         0         0  0.004833         0
   247/299        0G   0.03026    0.0154  0.001152   0.04681         6       640         0         0         0         0         0  0.004935         0
   248/299        0G   0.02945   0.01583  0.001459   0.04673         8       640         0         0         0         0         0   0.00515         0
   249/299        0G   0.02686   0.01534  0.001123   0.04332        10       640         0         0         0         0         0  0.005275         0
   250/299        0G   0.03362    0.0182  0.004206   0.05602        12       640         0         0         0         0         0  0.005016         0
   251/299        0G   0.02936   0.01743  0.001555   0.04834        14       640         0         0         0         0         0  0.004905         0
   252/299        0G   0.02907   0.01504  0.004749   0.04886         8       640         0         0         0         0         0  0.004795         0
   253/299        0G   0.02636   0.01438  0.001807   0.04255         8       640         0         0         0         0         0  0.004704         0
   254/299        0G   0.02466    0.0162  0.001736   0.04259        10       640         0         0         0         0         0  0.004623         0
   255/299        0G   0.02173   0.01316  0.001486   0.03638         5       640         0         0         0         0         0  0.004501         0
   256/299        0G   0.02676   0.01514  0.004606    0.0465         6       640         0         0         0         0         0  0.004359         0
   257/299        0G   0.02786    0.0155  0.002381   0.04574         7       640         0         0         0         0         0  0.004407         0
   258/299        0G   0.02658   0.01593  0.001348   0.04386         9       640         0         0         0         0         0  0.004363         0
   259/299        0G   0.02783   0.01533  0.001841     0.045         7       640         0         0         0         0         0  0.004452         0
   260/299        0G   0.03147    0.0154  0.004199   0.05107         7       640         0         0         0         0         0  0.004529         0
   261/299        0G   0.02487   0.01663  0.001675   0.04317        11       640         0         0         0         0         0  0.004602         0
   262/299        0G   0.03148   0.01735  0.002413   0.05125        14       640         0         0         0         0         0  0.004643         0
   263/299        0G   0.02525   0.01365   0.00106   0.03996         8       640         0         0         0         0         0  0.004652         0
   264/299        0G   0.02258   0.01331  0.002073   0.03797         5       640         0         0         0         0         0  0.004778         0
   265/299        0G   0.02647   0.01532  0.001153   0.04294        11       640         0         0         0         0         0  0.004862         0
   266/299        0G   0.02361   0.01489  0.001719   0.04021        11       640         0         0         0         0         0  0.004907         0
   267/299        0G   0.02627   0.01756  0.001042   0.04487        13       640         0         0         0         0         0  0.004771         0
   268/299        0G   0.02702   0.01483  0.001505   0.04336         7       640         0         0         0         0         0   0.00472         0
   269/299        0G   0.02217   0.01472 0.0009741   0.03786        10       640         0         0         0         0         0  0.004708         0
   270/299        0G    0.0265   0.01509  0.003035   0.04463         9       640         0         0         0         0         0  0.004699         0
   271/299        0G   0.02349   0.01221 0.0009102   0.03662         7       640         0         0         0         0         0  0.004683         0
   272/299        0G   0.02235   0.01369  0.002078   0.03812         6       640         0         0         0         0         0  0.004708         0
   273/299        0G   0.02904   0.01435  0.001268   0.04466         8       640         0         0         0         0         0  0.004815         0
   274/299        0G   0.02498   0.01511   0.00124   0.04133         9       640         0         0         0         0         0  0.004832         0
   275/299        0G   0.02818   0.01516  0.001053    0.0444         5       640         0         0         0         0         0  0.004998         0
   276/299        0G   0.02543   0.01469  0.003024   0.04314         7       640         0         0         0         0         0  0.005038         0
   277/299        0G   0.02549   0.01506  0.004428   0.04498         4       640         0         0         0         0         0  0.005019         0
   278/299        0G   0.02678   0.01475  0.002093   0.04362        11       640         0         0         0         0         0  0.005071         0
   279/299        0G   0.02515   0.01748  0.001141   0.04377        12       640         0         0         0         0         0  0.005156         0
   280/299        0G   0.02458   0.01443  0.003788   0.04279         4       640         0         0         0         0         0  0.005515         0
   281/299        0G   0.02454   0.01368  0.001533   0.03975         4       640         0         0         0         0         0  0.005642         0
   282/299        0G   0.02958   0.01665   0.00147    0.0477        10       640         0         0         0         0         0  0.005724         0
   283/299        0G   0.02651   0.01591  0.002021   0.04444         9       640         0         0         0         0         0  0.005661         0
   284/299        0G   0.02744   0.01628  0.001421   0.04513         5       640         0         0         0         0         0   0.00553         0
   285/299        0G   0.02464   0.01438   0.00236   0.04138         7       640         0         0         0         0         0  0.005381         0
   286/299        0G   0.02148   0.01543  0.001553   0.03846         8       640         0         0         0         0         0  0.005232         0
   287/299        0G   0.02137   0.01654  0.001606   0.03952         8       640         0         0         0         0         0  0.005142         0
   288/299        0G   0.02409   0.01475  0.001659    0.0405        12       640         0         0         0         0         0  0.004999         0
   289/299        0G   0.02538   0.01562  0.001715   0.04272         8       640         0         0         0         0         0  0.004882         0
   290/299        0G   0.02597   0.01639   0.00148   0.04384        10       640         0         0         0         0         0  0.004799         0
   291/299        0G   0.02228   0.01576  0.001634   0.03967        11       640         0         0         0         0         0  0.004707         0
   292/299        0G   0.02293    0.0149  0.001862   0.03969        11       640         0         0         0         0         0  0.004643         0
   293/299        0G   0.02428   0.01668  0.001367   0.04232        12       640         0         0         0         0         0  0.004573         0
   294/299        0G   0.02455   0.01328 0.0007974   0.03862        10       640         0         0         0         0         0  0.004489         0
   295/299        0G   0.02656   0.01466  0.001047   0.04226        10       640         0         0         0         0         0  0.004428         0
   296/299        0G   0.02278   0.01603  0.002263   0.04107        11       640         0         0         0         0         0   0.00436         0
   297/299        0G   0.02612   0.01491  0.001991   0.04302        11       640         0         0         0         0         0  0.004482         0
   298/299        0G   0.02209   0.01327  0.001122   0.03648         7       640         0         0         0         0         0   0.00455         0
   299/299        0G   0.02482   0.01472  0.002348   0.04189         6       640         0         0         0         0         0  0.004597         0
