     0/399        0G    0.1238   0.02567   0.07234    0.2218        41       640         0         0         0         0    0.1093   0.01886    0.0723
     1/399        0G    0.1226   0.02488   0.07117    0.2186        40       640         0         0         0         0    0.1069   0.01821   0.07089
     2/399        0G    0.1211   0.02421   0.06965    0.2149        46       640         0         0         0         0    0.1051   0.01755   0.06968
     3/399        0G    0.1194   0.02186   0.06786    0.2092        34       640         0         0         0         0    0.1041   0.01692   0.06875
     4/399        0G    0.1177    0.0236   0.06631    0.2076        49       640         0         0         0         0    0.1028   0.01643   0.06803
     5/399        0G    0.1163   0.02301   0.06366     0.203        35       640         0         0         0         0    0.1019   0.01615   0.06738
     6/399        0G    0.1138   0.02165   0.06036    0.1958        37       640         0         0         0         0    0.1011   0.01589    0.0657
     7/399        0G    0.1112   0.02192   0.05899    0.1921        35       640         0         0         0         0   0.09928    0.0154   0.06321
     8/399        0G    0.1085   0.02277   0.05684    0.1881        36       640  0.003311    0.2857  0.001052 0.0001319   0.09651   0.01488    0.0609
     9/399        0G    0.1077   0.02248   0.05457    0.1848        29       640  0.005822    0.5714  0.004445 0.0007503   0.09345   0.01445   0.05872
    10/399        0G    0.1084   0.02272   0.05261    0.1837        53       640  0.004902    0.5714  0.008615  0.001864    0.0905   0.01412   0.05597
    11/399        0G    0.1058   0.02228   0.05044    0.1785        41       640  0.004198    0.5714   0.01689  0.003916   0.08751   0.01389   0.05336
    12/399        0G    0.1025   0.02233   0.04674    0.1716        40       640    0.1189    0.1429   0.02945  0.005111   0.08984   0.01336   0.04967
    13/399        0G    0.1028   0.02151   0.04462    0.1689        46       640   0.07686    0.1429   0.03174  0.003697   0.09128   0.01306    0.0477
    14/399        0G   0.09864   0.01907   0.04163    0.1593        34       640    0.0535    0.1429   0.05937    0.0223   0.09196   0.01271   0.04497
    15/399        0G   0.09926    0.0228   0.04036    0.1624        49       640    0.3277    0.1404   0.09651   0.02399   0.09083   0.01249   0.04009
    16/399        0G   0.09668   0.02307   0.03676    0.1565        35       640     0.236    0.1429   0.08452   0.02361   0.08956   0.01258   0.03406
    17/399        0G   0.09437   0.02143    0.0332     0.149        37       640    0.2009    0.4286    0.1471   0.02469    0.0858    0.0128   0.03426
    18/399        0G    0.0951   0.02175   0.03151    0.1484        35       640   0.08434    0.4286   0.06787  0.009107   0.08352   0.01261   0.03331
    19/399        0G   0.08897   0.02384   0.02895    0.1418        36       640   0.09612     0.215   0.05351  0.005773   0.08602   0.01195   0.02824
    20/399        0G   0.09309   0.02307   0.02743    0.1436        29       640    0.3007    0.2857    0.2914   0.05377   0.08183   0.01231   0.02536
    21/399        0G   0.09244   0.02408   0.02466    0.1412        53       640    0.4269    0.2857    0.2929   0.04474   0.07848   0.01227   0.02189
    22/399        0G   0.09139   0.02129   0.02335     0.136        39       640    0.2408    0.4286    0.1914   0.05598   0.07923   0.01237    0.0191
    23/399        0G   0.08621    0.0259   0.02085     0.133        51       640    0.2746    0.2857     0.198   0.05022   0.08032   0.01195   0.01794
    24/399        0G   0.08436    0.0237   0.01954    0.1276        41       640     0.268    0.2857    0.1913   0.07162   0.08453   0.01186   0.01514
    25/399        0G   0.08404   0.02399   0.01832    0.1263        41       640    0.9934    0.1429    0.2476    0.0609   0.07758   0.01181   0.01369
    26/399        0G    0.0816   0.02132   0.01727    0.1202        41       640    0.3074    0.5714    0.3251    0.1176   0.06679    0.0119   0.01317
    27/399        0G   0.07862   0.02328   0.01609     0.118        38       640    0.6618    0.2816    0.3337   0.06882   0.06896   0.01137   0.01235
    28/399        0G   0.07689    0.0258   0.01471    0.1174        38       640    0.7458    0.4286    0.4589   0.09876   0.06992    0.0111   0.01128
    29/399        0G   0.07763   0.02331   0.01478    0.1157        38       640    0.9818    0.4286    0.5552    0.1217   0.06364   0.01097   0.01088
    30/399        0G   0.07509   0.02339   0.01294    0.1114        34       640    0.3268    0.4286    0.2667   0.09325   0.06325   0.01094  0.009718
    31/399        0G   0.07421   0.02286   0.01268    0.1097        33       640    0.9689    0.4286    0.5337   0.09103   0.06211    0.0108  0.009483
    32/399        0G   0.07476   0.02711   0.01187    0.1137        59       640    0.4433    0.5714     0.425    0.1185   0.05634   0.01108  0.008664
    33/399        0G   0.07007   0.02549   0.01101    0.1066        47       640    0.5942    0.4286     0.378    0.1063   0.06026   0.01062  0.008134
    34/399        0G   0.06871     0.022   0.01019    0.1009        31       640    0.5526    0.7066    0.6106    0.1765   0.05863   0.01093  0.007875
    35/399        0G   0.06844   0.02372  0.009834     0.102        38       640    0.7491    0.4286    0.5447    0.1797   0.06254   0.01083   0.00765
    36/399        0G   0.06885   0.02156  0.009135   0.09954        35       640    0.4928    0.1429      0.13   0.05687   0.07379    0.0102  0.007311
    37/399        0G   0.06948   0.02334  0.009078    0.1019        37       640    0.4981    0.2857    0.2363   0.07108   0.07013   0.01009  0.007057
    38/399        0G   0.06128   0.02094  0.008238   0.09046        40       640    0.4432    0.5688     0.514    0.1485   0.05658   0.01044  0.006465
    39/399        0G   0.07027   0.02197  0.008873    0.1011        39       640    0.4869    0.7143    0.4832    0.1804   0.05575   0.01038  0.006207
    40/399        0G   0.06159   0.02292  0.007833   0.09235        37       640    0.9977    0.5714     0.662    0.1698   0.05749  0.009818   0.00576
    41/399        0G   0.06411   0.02073  0.007348   0.09219        49       640    0.3329    0.7143    0.3813    0.1047   0.05598  0.009782  0.005855
    42/399        0G   0.06829   0.01868  0.007001   0.09398        40       640   0.06664    0.1429   0.04532  0.009799    0.0792   0.00888  0.005676
    43/399        0G    0.0788   0.01966  0.007683    0.1061        39       640    0.6659    0.5714    0.5212   0.08743   0.07555  0.008945  0.005645
    44/399        0G   0.07173   0.01946  0.007479   0.09867        36       640    0.4936    0.4194    0.3801    0.1048   0.06538   0.00909  0.005451
    45/399        0G    0.0679   0.01932  0.007107   0.09433        45       640    0.4283    0.4286    0.2777   0.07837   0.06849   0.00844  0.005468
    46/399        0G   0.07286   0.01846  0.007011   0.09833        33       640    0.6651    0.5714    0.5848    0.2099    0.0585  0.009301  0.005582
    47/399        0G   0.06679   0.02093   0.00675   0.09448        38       640    0.7978    0.5714    0.5865    0.2542   0.06278  0.008977  0.005455
    48/399        0G   0.06669   0.02116  0.006523   0.09438        52       640   0.04651    0.7143   0.04518  0.006186   0.08688  0.007742  0.005463
    49/399        0G   0.07265   0.01937  0.006466   0.09848        36       640    0.7497    0.4286    0.5417     0.225   0.06759  0.008637  0.005568
    50/399        0G   0.06874   0.01999  0.006515   0.09524        43       640     0.068    0.4286   0.05644   0.01021   0.07176  0.007768    0.0054
    51/399        0G   0.07605   0.01836  0.006484    0.1009        41       640    0.4923    0.1407    0.1577   0.04845   0.06504  0.008261  0.005502
    52/399        0G   0.07344   0.01907  0.006393   0.09891        40       640     0.228    0.4225    0.1879   0.03475   0.07586   0.00853   0.00537
    53/399        0G   0.06755    0.0188  0.006502   0.09285        33       640    0.7046    0.7143    0.6057    0.1178   0.05357  0.009044  0.005584
    54/399        0G   0.06133   0.02129  0.006341   0.08897        56       640    0.7965    0.5714    0.5664   0.09997   0.06201  0.008852  0.005374
    55/399        0G   0.06154   0.02097  0.006131   0.08865        47       640    0.7952    0.5714     0.678    0.2939   0.05836  0.008995  0.005301
    56/399        0G   0.06653   0.02035  0.005901   0.09278        58       640    0.3321    0.2857    0.1883   0.02418   0.08369  0.007407  0.005025
    57/399        0G    0.0741    0.0177  0.006424   0.09822        39       640    0.6634    0.5714    0.5935    0.2404   0.06967  0.007789  0.005003
    58/399        0G   0.07219   0.01812  0.005834   0.09614        40       640    0.1717    0.5714      0.14   0.01846   0.07047  0.007664  0.004925
    59/399        0G   0.06778   0.01847  0.005687   0.09194        45       640    0.5547    0.7143    0.6751    0.3494   0.06487  0.007883  0.004882
    60/399        0G     0.064   0.01838  0.005485   0.08787        34       640    0.5696    0.5714    0.5465    0.1488   0.06222  0.007787  0.004949
    61/399        0G   0.06648   0.01892  0.005901   0.09131        39       640      0.75    0.4285    0.4724    0.2488   0.07058  0.007525  0.005018
    62/399        0G   0.06748   0.01698  0.005751   0.09021        30       640     0.832    0.7143    0.7255     0.283   0.05599  0.008034  0.005006
    63/399        0G   0.06126    0.0201  0.005744    0.0871        38       640    0.9972    0.5714    0.6463    0.1523   0.05844  0.007455  0.004813
    64/399        0G   0.06357    0.0193  0.005473   0.08834        41       640    0.6665    0.5712    0.5956    0.1046   0.06294  0.007439  0.004587
    65/399        0G   0.06617   0.01671  0.005532   0.08841        35       640    0.9973    0.4286    0.6107    0.2441   0.07222  0.007111   0.00441
    66/399        0G   0.06465    0.0187   0.00547   0.08882        44       640    0.7135    0.7143    0.7459    0.3097   0.05214  0.007636  0.004171
    67/399        0G   0.05995     0.017  0.005241   0.08219        34       640    0.4444    0.5714     0.515    0.1364   0.07735  0.006749  0.004079
    68/399        0G   0.06364   0.01662  0.005086   0.08534        40       640    0.7135    0.7119    0.6882    0.1401   0.05332   0.00724  0.004274
    69/399        0G   0.06739   0.01611  0.005279   0.08877        35       640    0.4973    0.7143    0.5888    0.1443   0.05016  0.007242  0.004397
    70/399        0G   0.05592   0.01822  0.005402   0.07953        35       640    0.7132    0.7111    0.7294    0.1134    0.0601  0.007316  0.004509
    71/399        0G   0.05987    0.0177  0.004966   0.08254        38       640    0.6626    0.8571    0.7283    0.3198   0.06768  0.006589  0.004134
    72/399        0G   0.06255   0.01668  0.005012   0.08424        33       640    0.9939    0.5714    0.7782    0.1886   0.06054  0.006974  0.004159
    73/399        0G   0.06429   0.01951  0.004911   0.08871        44       640    0.5986    0.8571    0.6868    0.1964   0.07333  0.007167  0.004221
    74/399        0G   0.06057   0.01702  0.004907    0.0825        51       640    0.8244    0.7143    0.7721    0.3425   0.05364  0.007548  0.004071
    75/399        0G   0.05803   0.01801  0.004991   0.08103        43       640    0.4993    0.7143    0.4463    0.1611   0.05769  0.007149   0.00386
    76/399        0G   0.06168   0.01498  0.004682   0.08134        29       640    0.8298    0.7143    0.8046    0.2956   0.06171  0.006506  0.003765
    77/399        0G   0.06326   0.01749  0.004909   0.08566        43       640    0.4609    0.8552    0.4474    0.1907   0.06243  0.006406   0.00377
    78/399        0G   0.06375   0.01553   0.00488   0.08417        37       640    0.9984    0.4286    0.6242    0.1628   0.06758    0.0063  0.003826
    79/399        0G   0.05989   0.01568  0.004546   0.08012        31       640    0.6655    0.8532    0.7868    0.2481   0.06193  0.006452  0.003856
    80/399        0G   0.06212    0.0165  0.004761   0.08338        33       640    0.4611    0.8571    0.4361    0.1898   0.06217   0.00659  0.004027
    81/399        0G   0.05903   0.01666  0.004928   0.08061        37       640    0.5536    0.7143    0.7047    0.2055   0.05982  0.006366   0.00383
    82/399        0G   0.05991   0.01795   0.00452   0.08238        37       640    0.8571    0.8567     0.864     0.366   0.06721  0.005966    0.0036
    83/399        0G   0.06105   0.01616  0.004394    0.0816        36       640    0.5553    0.7137     0.687    0.1793   0.06588  0.006007  0.003575
    84/399        0G   0.06577   0.01426  0.004406   0.08443        40       640    0.4999    0.7143    0.4283    0.1401   0.07323  0.005597  0.003632
    85/399        0G   0.06857   0.01496  0.004694   0.08823        34       640    0.6663    0.8571    0.7543    0.2908   0.05396  0.006067  0.003722
    86/399        0G   0.06096   0.01591  0.004571   0.08144        36       640    0.6599    0.8571     0.798    0.2721   0.05627  0.006035  0.003856
    87/399        0G   0.05768   0.01633  0.004728   0.07874        48       640    0.7138    0.7127    0.7815     0.264   0.05849  0.006141  0.004027
    88/399        0G   0.05928   0.01833  0.005009   0.08262        41       640    0.8332    0.7137    0.8207    0.2904   0.05249  0.006321  0.003945
    89/399        0G   0.05309   0.01551  0.004653   0.07326        33       640    0.9972    0.4286    0.6443    0.1324   0.05475  0.006014  0.003872
    90/399        0G   0.05473   0.01635  0.004559   0.07564        42       640    0.4983    0.8571    0.7227    0.3819   0.05211  0.006016  0.003777
    91/399        0G   0.05879   0.01303  0.004479    0.0763        30       640    0.7499    0.8571    0.7884    0.2828   0.05453  0.005814  0.003765
    92/399        0G   0.05632   0.01643  0.004782   0.07753        38       640    0.6645    0.8571    0.7431    0.1814   0.06255  0.005638  0.003761
    93/399        0G   0.05179   0.01721  0.004588   0.07359        45       640    0.5991    0.8542    0.7391    0.1796   0.06105  0.005752  0.003677
    94/399        0G   0.05871   0.01468  0.004406    0.0778        35       640    0.8325    0.7143    0.7823    0.1663   0.06731  0.005847  0.003641
    95/399        0G   0.06875   0.01249  0.004564    0.0858        26       640    0.2658    0.5714    0.2227   0.07259   0.07796  0.005761  0.003908
    96/399        0G    0.0724   0.01479  0.004728   0.09192        43       640    0.3991    0.8571    0.3974    0.1474   0.06757  0.006186  0.004207
    97/399        0G   0.05592   0.01534  0.004821   0.07608        41       640    0.8569    0.8557    0.8344    0.3384    0.0581  0.006504  0.004329
    98/399        0G   0.05589   0.01485  0.004962    0.0757        34       640    0.7483    0.8571    0.8344    0.2209   0.05978    0.0059  0.004222
    99/399        0G   0.05175   0.01556  0.004632   0.07195        32       640    0.9989    0.7143    0.8599    0.4049   0.05286  0.005893  0.004098
   100/399        0G   0.05272   0.01443  0.004767   0.07191        36       640     0.714    0.7143    0.6023    0.1474   0.06557  0.005521  0.004012
   101/399        0G   0.05644   0.01372  0.004578   0.07473        40       640    0.4999    0.8571    0.7076    0.3308   0.06181  0.005483  0.003828
   102/399        0G   0.05823   0.01305    0.0043   0.07558        33       640    0.8329    0.7125    0.7963    0.1608   0.06037  0.005324  0.003956
   103/399        0G   0.05623   0.01612  0.004585   0.07693        43       640    0.4997    0.8571    0.6792    0.2001   0.05952  0.005584  0.004064
   104/399        0G   0.05123    0.0151  0.004486   0.07081        41       640    0.8571    0.8571    0.8189     0.441   0.05041  0.005855  0.003965
   105/399        0G   0.05194   0.01452  0.004377   0.07084        27       640    0.8563    0.8571    0.8148     0.443   0.04843  0.005583  0.003796
   106/399        0G   0.05217   0.01335  0.004246   0.06977        33       640    0.8333    0.7143    0.7997    0.2896   0.06142  0.005343  0.003567
   107/399        0G   0.05189   0.01302  0.004162   0.06907        34       640    0.5453    0.8571    0.7536    0.2897   0.04918  0.005593  0.003504
   108/399        0G   0.05808   0.01211  0.004016   0.07421        37       640    0.5452    0.8571    0.7057    0.2214   0.05834  0.005514  0.003592
   109/399        0G   0.05638    0.0142  0.004133   0.07471        33       640    0.8357    0.8571    0.7873    0.2649   0.05983  0.005403  0.003785
   110/399        0G   0.05146   0.01289  0.004189   0.06854        34       640    0.6656    0.8571    0.7287     0.209   0.03762  0.005627  0.003832
   111/399        0G   0.05127   0.01305  0.004134   0.06846        36       640         1    0.8548    0.9639    0.4766   0.04505  0.005325  0.003707
   112/399        0G   0.04867   0.01478  0.004034   0.06749        44       640     0.832    0.7143     0.855    0.3102   0.05477  0.005265  0.003535
   113/399        0G     0.056    0.0134  0.003967   0.07336        36       640     0.857    0.8562    0.8916    0.4357   0.04185  0.005368  0.003508
   114/399        0G    0.0553   0.01308  0.004046   0.07243        44       640     0.582         1    0.8407    0.3442   0.04612  0.005528  0.003697
   115/399        0G     0.058   0.01429  0.004263   0.07656        41       640    0.7498    0.8571    0.8667    0.2614   0.04635   0.00546  0.003745
   116/399        0G   0.04953   0.01242  0.004274   0.06623        19       640    0.8545    0.8571    0.8627    0.4522   0.04159  0.005517  0.003882
   117/399        0G   0.04828   0.01407  0.004526   0.06688        33       640    0.7499    0.8566    0.7454    0.1941   0.04311  0.005449  0.003818
   118/399        0G   0.05118   0.01175  0.004157   0.06709        30       640    0.6662    0.8556    0.8071    0.4045    0.0426  0.005488  0.003757
   119/399        0G   0.05093   0.01183  0.004049   0.06681        31       640    0.4117    0.9998    0.6144     0.209   0.05246  0.005369  0.003639
   120/399        0G   0.05837   0.01204  0.004153   0.07456        37       640    0.8329    0.7122    0.8324    0.3451    0.0437  0.005442  0.003674
   121/399        0G    0.0515    0.0132  0.004284   0.06899        38       640    0.8564    0.8529     0.933    0.4668   0.04033  0.005307  0.003568
   122/399        0G   0.04835   0.01438  0.004193   0.06692        35       640    0.6243    0.7124    0.6585     0.197   0.05387  0.005672  0.003483
   123/399        0G   0.05072   0.01232  0.003863    0.0669        43       640    0.6244    0.7143    0.6253    0.2454   0.05348   0.00547  0.003585
   124/399        0G    0.0522   0.01329  0.003984   0.06948        39       640       0.6     0.857    0.5865    0.2648   0.05236  0.005414  0.003582
   125/399        0G   0.05556   0.01222  0.004006   0.07179        58       640     0.857    0.8571    0.8145    0.4155   0.05505  0.005262   0.00374
   126/399        0G   0.04998    0.0121  0.004111   0.06619        35       640    0.3749    0.8571    0.4539    0.2336   0.06729  0.004879  0.003819
   127/399        0G   0.07351   0.01159  0.004182   0.08928        49       640     0.833    0.7143    0.7121    0.1286   0.05865  0.005045  0.004174
   128/399        0G   0.05948   0.01375  0.004699   0.07792        45       640    0.4965    0.8571     0.558    0.2117   0.05059  0.005295  0.004503
   129/399        0G    0.0471   0.01563  0.005031   0.06777        40       640    0.5453    0.8568    0.5313    0.2008   0.05429   0.00486  0.004654
   130/399        0G   0.05952   0.01352  0.004874   0.07792        42       640    0.5992    0.8571    0.5933     0.224   0.05094  0.005208  0.004627
   131/399        0G   0.05493   0.01283  0.004823   0.07258        35       640    0.7494    0.8571    0.8375     0.317   0.04239   0.00514  0.004511
   132/399        0G   0.04745   0.01212   0.00478   0.06435        34       640         1    0.8561    0.9639    0.2172   0.05779  0.004741  0.004327
   133/399        0G   0.06209   0.01204  0.004412   0.07855        44       640    0.8749    0.9995    0.9238    0.3119    0.0403  0.005252  0.004449
   134/399        0G   0.05274   0.01223   0.00479   0.06976        35       640    0.7488    0.8571    0.8129    0.3223   0.04645  0.005246  0.004548
   135/399        0G   0.04824   0.01235   0.00504   0.06563        30       640    0.9991    0.7143    0.8658    0.4845   0.03821  0.005293  0.004074
   136/399        0G   0.06024   0.01164  0.004365   0.07625        41       640    0.6655    0.5714    0.6206    0.1524   0.06459  0.004905  0.004129
   137/399        0G   0.05732   0.01372  0.004625   0.07567        47       640         1    0.7113    0.8777    0.3579   0.04901  0.005085   0.00417
   138/399        0G   0.04304   0.01195  0.004736   0.05973        34       640         1    0.8568    0.9639    0.3392   0.05405  0.004677  0.004154
   139/399        0G   0.05705   0.01237  0.004845   0.07426        34       640    0.5375         1    0.6249    0.1215    0.0556  0.004591  0.004131
   140/399        0G   0.06228   0.01208  0.004971   0.07933        38       640    0.7132     0.711    0.7307     0.292   0.04812  0.004759  0.004486
   141/399        0G    0.0517   0.01382  0.005258   0.07078        46       640    0.4361         1    0.6369    0.1678   0.06261  0.004504  0.004628
   142/399        0G   0.05846   0.01397  0.004813   0.07724        45       640    0.7449    0.8571    0.8004    0.3195   0.04438  0.004811  0.004405
   143/399        0G   0.05139   0.01327  0.004747    0.0694        41       640    0.6661    0.8553    0.7757    0.4005   0.04629  0.005053  0.004373
   144/399        0G   0.04318   0.01182  0.004602    0.0596        39       640    0.8331    0.7143    0.7746    0.3228   0.04239  0.004954  0.004065
   145/399        0G   0.05393    0.0125   0.00424   0.07067        34       640     0.555    0.7128    0.5537    0.1833   0.06025  0.004748  0.004008
   146/399        0G   0.05573   0.01218  0.004318   0.07223        45       640     0.833    0.7143    0.7314    0.1943   0.04422   0.00492  0.004086
   147/399        0G   0.04511   0.01267  0.004384   0.06217        39       640         1    0.8554    0.9304    0.4954    0.0464  0.004781  0.003966
   148/399        0G   0.05251   0.01311  0.004171   0.06979        53       640    0.7499    0.8567    0.8721    0.3384    0.0394  0.004897   0.00377
   149/399        0G   0.05215   0.01153  0.004053   0.06774        36       640     0.857    0.8571     0.933    0.3142   0.04439  0.004823  0.003894
   150/399        0G   0.04642   0.01253  0.004317   0.06327        47       640    0.9989    0.5714    0.7695    0.3578   0.05308  0.004622  0.003739
   151/399        0G   0.06455   0.01196   0.00399   0.08051        37       640         1    0.5688    0.8027    0.2268   0.04825  0.004827  0.004029
   152/399        0G   0.04966   0.01166  0.004639   0.06596        42       640    0.7775    0.9986    0.9439    0.4589   0.05173  0.004915  0.004191
   153/399        0G   0.04459   0.01248   0.00472   0.06178        37       640    0.7499    0.8565    0.8163    0.2436   0.05133  0.004731  0.004172
   154/399        0G   0.05181   0.01275  0.004605   0.06916        53       640     0.875         1    0.9425    0.3748   0.04223  0.004714  0.004091
   155/399        0G   0.05877   0.01389  0.004564   0.07723        42       640    0.7473    0.8571    0.8667    0.4118   0.04448  0.004456  0.004079
   156/399        0G   0.05332   0.01223  0.004542   0.07009        38       640         1    0.5709     0.815    0.2221   0.05475   0.00448  0.004005
   157/399        0G   0.05443   0.01193  0.004603   0.07096        45       640     0.857    0.8571     0.913    0.4433   0.03958  0.004589  0.003964
   158/399        0G   0.04858   0.01073  0.004344   0.06365        35       640    0.9988    0.8571    0.9639    0.3667   0.04937  0.004476  0.003869
   159/399        0G   0.04834   0.01155  0.004254   0.06415        35       640    0.8565    0.8571     0.913    0.4011   0.04766  0.004396  0.003761
   160/399        0G   0.05225   0.01222  0.004243   0.06871        45       640       0.7    0.9999    0.8947    0.2767     0.042  0.004421  0.003792
   161/399        0G   0.04582   0.01331   0.00441   0.06354        44       640    0.9993    0.8571    0.9639    0.4805   0.04151  0.004351  0.003829
   162/399        0G   0.03714   0.01136  0.004357   0.05286        37       640    0.6362         1     0.699    0.1802   0.04757  0.004214  0.003607
   163/399        0G   0.05597    0.0113  0.003982   0.07125        36       640    0.7128    0.7097    0.7916    0.3507   0.04552  0.004171  0.003661
   164/399        0G   0.04872   0.01156  0.004057   0.06434        31       640    0.7777    0.9998    0.8611     0.374   0.04328  0.004366  0.003718
   165/399        0G   0.04275   0.01049  0.004004   0.05724        36       640    0.7489    0.8571    0.8175    0.3509   0.04502  0.004593  0.003823
   166/399        0G   0.05014  0.009441   0.00399   0.06357        23       640    0.6998     0.999    0.8697    0.3762   0.04629  0.004621  0.003892
   167/399        0G    0.0489   0.01028  0.004137   0.06332        36       640    0.9994    0.8571    0.9367    0.4471   0.04224  0.004615  0.003898
   168/399        0G   0.04174   0.01045   0.00409   0.05628        30       640    0.7499    0.8569    0.8024    0.4012   0.03964  0.004499   0.00384
   169/399        0G    0.0504   0.01048  0.004179   0.06506        38       640         1    0.8569    0.9204    0.3685   0.03826   0.00493  0.003889
   170/399        0G   0.04403    0.0119  0.003999   0.05993        46       640         1    0.8568    0.9441    0.4698   0.04347  0.004838  0.003939
   171/399        0G   0.03537   0.01099  0.003987   0.05035        38       640    0.8562    0.8571    0.9004    0.4853   0.04266  0.004617   0.00361
   172/399        0G   0.05472     0.012  0.003976    0.0707        50       640     0.749    0.8571    0.6958    0.3563   0.04034  0.004778  0.003606
   173/399        0G   0.04957   0.01121  0.003942   0.06473        42       640    0.8569    0.8571    0.8841    0.4451   0.03639  0.005111  0.003689
   174/399        0G   0.03449   0.01088  0.004008   0.04937        32       640         1    0.8568    0.9304    0.5528   0.03565  0.004625  0.003584
   175/399        0G   0.04454     0.011  0.003741   0.05928        41       640    0.8172    0.7143    0.8213    0.3204    0.0421  0.004467  0.003677
   176/399        0G    0.0468  0.008857  0.003869   0.05952        37       640         1    0.7076    0.8854    0.4637   0.04155  0.004421  0.003818
   177/399        0G   0.04641   0.01036  0.004205   0.06098        29       640    0.8548    0.8571     0.829    0.4108   0.03696  0.004355  0.003837
   178/399        0G   0.04813   0.01097  0.004066   0.06317        30       640         1    0.8558    0.9304     0.581   0.03719  0.004263  0.003833
   179/399        0G   0.04568   0.01026  0.003951    0.0599        45       640    0.8569    0.8571    0.9104     0.393      0.04  0.004348  0.003895
   180/399        0G   0.04425   0.01046  0.004054   0.05876        46       640    0.7492    0.8571    0.7786    0.4285   0.04182  0.004609  0.004031
   181/399        0G   0.05332   0.01116  0.004198   0.06868        41       640    0.9999    0.8571    0.9251    0.4847   0.03249  0.004921  0.004072
   182/399        0G   0.03999   0.01118  0.004347   0.05551        40       640    0.9997    0.8571    0.9163    0.5233   0.03201  0.004981  0.004066
   183/399        0G   0.03979   0.01089  0.004353   0.05503        46       640    0.9994    0.8571    0.9204    0.4832   0.03906  0.005044  0.003917
   184/399        0G   0.04164  0.009044  0.004109    0.0548        34       640    0.9999    0.8571    0.8927    0.4531   0.04078   0.00494   0.00384
   185/399        0G    0.0405   0.01162  0.003956   0.05607        49       640    0.9997    0.8571     0.953    0.5063   0.03695  0.004725  0.003714
   186/399        0G   0.03165    0.0107  0.003736   0.04608        35       640         1    0.8571    0.9639     0.529    0.0328  0.004396  0.003353
   187/399        0G   0.04238  0.009482  0.003365   0.05523        37       640    0.7484    0.8571    0.7965    0.2883    0.0469  0.004463  0.003226
   188/399        0G   0.04742  0.009321  0.003272   0.06001        35       640    0.9987    0.8571    0.9204    0.4703   0.03861  0.004472  0.003335
   189/399        0G   0.03573    0.0101  0.003506   0.04934        36       640    0.8565    0.8571    0.9004     0.378   0.04883  0.004669  0.003226
   190/399        0G   0.05312   0.01031  0.003418   0.06685        29       640    0.8323    0.7143    0.8551    0.5022   0.04256  0.004968  0.003309
   191/399        0G   0.04162    0.0121  0.003649   0.05738        53       640     0.857    0.8571    0.9242    0.5405   0.03397  0.004882  0.003357
   192/399        0G   0.03502   0.01052  0.003773   0.04931        39       640    0.8318    0.7143    0.7445    0.2907   0.04377   0.00453  0.003257
   193/399        0G   0.04838   0.01143   0.00348   0.06329        51       640    0.8571    0.8571    0.8716    0.5017   0.04237  0.004439  0.003339
   194/399        0G   0.05144  0.009855  0.003805    0.0651        41       640    0.8566    0.8571    0.8716    0.4146   0.04095  0.004155  0.003468
   195/399        0G   0.04519   0.01028  0.003887   0.05936        41       640    0.7778    0.9999    0.9239    0.4237   0.04435   0.00408  0.003484
   196/399        0G   0.04621  0.008951  0.003816   0.05897        41       640         1    0.8569    0.9531    0.5331   0.03675  0.004164  0.003605
   197/399        0G   0.04166   0.01034    0.0041   0.05609        38       640         1    0.9999     0.995    0.6438     0.033  0.004264  0.003722
   198/399        0G   0.03347   0.01187  0.004211   0.04955        38       640    0.7777         1    0.9095     0.478   0.03852  0.003902  0.003651
   199/399        0G   0.04004   0.01053  0.003859   0.05444        38       640    0.8747         1    0.9775    0.5478   0.03444   0.00382  0.003548
   200/399        0G   0.03846  0.009306  0.003634    0.0514        34       640    0.9999         1    0.9951     0.537   0.03899  0.003711  0.003447
   201/399        0G   0.03729  0.009592  0.003548   0.05043        33       640    0.5831    0.9993    0.7979    0.3165   0.05142  0.003763  0.003384
   202/399        0G   0.05415   0.01213  0.003632   0.06991        59       640    0.6667    0.8571    0.7309    0.2272   0.04658  0.003899  0.003385
   203/399        0G   0.04232   0.01108  0.003656   0.05706        47       640    0.6362         1    0.8492    0.3741   0.04103  0.003813  0.003407
   204/399        0G   0.03408  0.009663   0.00383   0.04757        31       640    0.7774         1    0.9439    0.4413   0.05054  0.003479  0.003586
   205/399        0G   0.04848  0.009961  0.003943   0.06238        38       640    0.8749         1    0.9776    0.5027   0.03513    0.0036  0.003499
   206/399        0G   0.04253  0.009125  0.003891   0.05555        35       640    0.8749         1    0.9776    0.5077   0.03761  0.003674  0.003571
   207/399        0G   0.03558    0.0103  0.003786   0.04967        37       640     0.875    0.9998    0.9426    0.5937   0.03711  0.003683  0.003547
   208/399        0G   0.03518  0.008469  0.003694   0.04735        40       640     0.875    0.9998    0.9426    0.5937   0.03711  0.003683  0.003547
   209/399        0G   0.03864   0.01023  0.003678   0.05254        39       640         1    0.9998    0.9951      0.63   0.04121  0.003614  0.003489
   210/399        0G   0.03392  0.009736  0.003384   0.04704        37       640    0.9997         1    0.9951    0.6117    0.0367  0.003626  0.003404
   211/399        0G   0.03416  0.009014  0.003295   0.04646        49       640         1         1    0.9951    0.5537   0.03395   0.00365  0.003354
   212/399        0G   0.03027  0.008882  0.003325   0.04247        40       640         1    0.9998    0.9951    0.5523   0.03025  0.003641  0.003298
   213/399        0G   0.03315   0.01072  0.003263   0.04713        39       640    0.8749    0.9996    0.9776    0.5363   0.03553  0.003576  0.003227
   214/399        0G   0.03411  0.009631  0.003197   0.04694        36       640     0.875    0.9998    0.9776    0.5271   0.03722  0.003559  0.003164
   215/399        0G   0.03269  0.008971  0.003136   0.04479        45       640         1    0.9997    0.9951    0.5357   0.03727  0.003643  0.003139
   216/399        0G   0.03036  0.008983  0.003154    0.0425        33       640    0.9998         1    0.9951    0.5464   0.03394  0.003704   0.00312
   217/399        0G   0.02741   0.00985  0.003215   0.04047        38       640         1    0.9998    0.9951    0.5517   0.03469  0.003679  0.003098
   218/399        0G   0.02828   0.01039  0.003316   0.04198        52       640         1         1    0.9951     0.528   0.03496  0.003698  0.003068
   219/399        0G   0.02814   0.00938  0.003137   0.04065        36       640    0.9998         1    0.9951    0.5059   0.03709  0.003806  0.003045
   220/399        0G   0.02964  0.009861  0.003032   0.04253        43       640         1    0.9999     0.995     0.475   0.03612  0.003951  0.002988
   221/399        0G   0.03005  0.009754  0.003004   0.04281        41       640         1         1     0.995    0.5723   0.03471  0.004055  0.002942
   222/399        0G   0.03366  0.009063  0.002918   0.04564        40       640         1    0.9999     0.995    0.5655   0.03234  0.004163  0.002889
   223/399        0G   0.03232  0.008826  0.002934   0.04408        33       640         1    0.9999     0.995    0.5218   0.03436  0.004105  0.002887
   224/399        0G   0.02986   0.00934  0.002951   0.04215        56       640    0.8749         1    0.9775    0.5762   0.03422  0.004147  0.002855
   225/399        0G   0.03067  0.009362  0.002896   0.04293        47       640    0.9998    0.8571    0.9639    0.5343   0.03708    0.0041  0.002813
   226/399        0G   0.03132  0.009675  0.002925   0.04392        58       640    0.9998    0.8571    0.9639    0.4845    0.0396  0.003983  0.002804
   227/399        0G   0.03369  0.008815  0.002894    0.0454        39       640         1    0.8571    0.9639    0.5296   0.03633   0.00393  0.002753
   228/399        0G   0.02926  0.009061  0.002812   0.04113        40       640         1    0.9999     0.995    0.5628   0.03757  0.003848  0.002713
   229/399        0G   0.02881  0.008994  0.002726   0.04053        45       640    0.9999         1    0.9951    0.5618   0.03705  0.003707  0.002648
   230/399        0G   0.02883  0.008432  0.002656   0.03992        34       640         1    0.9999    0.9951    0.6405   0.03451  0.003713  0.002601
   231/399        0G     0.031  0.009452  0.002666   0.04312        39       640    0.9999         1    0.9951    0.6243   0.03317    0.0037  0.002552
   232/399        0G   0.03232  0.008751  0.002615   0.04368        30       640         1         1    0.9951     0.634   0.03347  0.003624  0.002494
   233/399        0G   0.02963  0.009783  0.002624   0.04203        38       640         1         1    0.9951    0.6495   0.03216  0.003912  0.002468
   234/399        0G   0.02833   0.00927  0.002499    0.0401        41       640     0.875    0.9999    0.9776    0.5919   0.03039  0.004215  0.002474
   235/399        0G   0.02887   0.00842  0.002545   0.03983        35       640    0.8749    0.9995    0.9776    0.6513   0.02972  0.004397  0.002458
   236/399        0G   0.03057  0.009286  0.002555   0.04241        44       640     0.875         1    0.9776     0.569   0.03062  0.004514  0.002459
   237/399        0G   0.03146  0.007725  0.002542   0.04172        34       640    0.8736         1    0.9776    0.5934   0.03187  0.004555  0.002462
   238/399        0G    0.0392   0.00838  0.002508   0.05009        40       640    0.8749         1    0.9776    0.5805   0.02923  0.004543  0.002468
   239/399        0G   0.03384  0.007949  0.002507    0.0443        35       640         1    0.9998    0.9951    0.6321   0.03279  0.004394  0.002524
   240/399        0G   0.03025  0.008978  0.002641   0.04187        35       640    0.8746         1    0.9776    0.6178   0.03361  0.004354  0.002518
   241/399        0G   0.02998  0.008706  0.002597   0.04128        38       640    0.8748    0.9987    0.9776     0.637   0.02818  0.004453  0.002506
   242/399        0G   0.02899  0.008448  0.002562      0.04        33       640         1    0.9997    0.9951    0.5978   0.03289  0.004381  0.002523
   243/399        0G   0.02966   0.01062  0.002612   0.04289        44       640         1    0.9998    0.9951       0.7   0.03048  0.004164  0.002476
   244/399        0G   0.02821  0.008725  0.002607   0.03954        51       640         1         1    0.9951    0.7306    0.0276  0.004029  0.002461
   245/399        0G   0.02869  0.008978  0.002557   0.04023        43       640    0.9999         1    0.9951    0.6102   0.03156  0.004003  0.002459
   246/399        0G   0.03007  0.008014  0.002528   0.04061        29       640         1    0.9998    0.9951    0.6503   0.02755  0.003966  0.002433
   247/399        0G    0.0319  0.009639  0.002483   0.04402        43       640         1         1    0.9951    0.5807   0.03137   0.00383  0.002389
   248/399        0G    0.0294  0.007931  0.002373   0.03971        37       640    0.9998         1    0.9951    0.6302   0.03116  0.003852  0.002354
   249/399        0G    0.0287  0.007799  0.002422   0.03892        31       640         1         1    0.9951    0.5264   0.03485  0.003928  0.002336
   250/399        0G   0.02877  0.008784  0.002367   0.03992        33       640    0.9999         1    0.9951     0.559   0.03015  0.003901   0.00231
   251/399        0G   0.02931  0.009157  0.002468   0.04094        37       640         1         1    0.9951    0.4887   0.03461  0.003954  0.002306
   252/399        0G   0.02784  0.009404   0.00234   0.03959        37       640    0.9998         1    0.9951    0.5955   0.03155  0.003689  0.002278
   253/399        0G   0.02759  0.008276  0.002268   0.03813        36       640         1         1    0.9951    0.6042   0.03142   0.00373  0.002252
   254/399        0G   0.02887  0.007809  0.002309   0.03899        40       640    0.9999         1    0.9951    0.5794    0.0321  0.003675   0.00225
   255/399        0G   0.03225  0.008457  0.002331   0.04304        34       640         1         1    0.9951    0.5563   0.03401  0.003715  0.002248
   256/399        0G   0.02993   0.00862  0.002317   0.04087        36       640    0.9999         1    0.9951    0.5945   0.03552  0.003626  0.002253
   257/399        0G   0.02934  0.008487  0.002383   0.04021        48       640    0.9999         1     0.995    0.4487   0.03628  0.003691  0.002286
   258/399        0G   0.02965  0.009668  0.002375   0.04169        41       640         1         1     0.995    0.5604   0.03206  0.003682  0.002291
   259/399        0G   0.02632  0.008321  0.002413   0.03706        33       640         1         1    0.9951    0.5195   0.03476   0.00365  0.002253
   260/399        0G   0.02761  0.008849  0.002326   0.03879        42       640    0.9999         1    0.9951    0.5913   0.03485  0.003525  0.002217
   261/399        0G   0.02996  0.006985  0.002262    0.0392        30       640    0.9999         1    0.9951    0.5914   0.03475  0.003285  0.002172
   262/399        0G   0.02817  0.009064  0.002347   0.03958        38       640    0.9999         1    0.9951    0.5408   0.03682  0.003366  0.002172
   263/399        0G   0.02923  0.009227  0.002259   0.04071        45       640    0.9999         1     0.995    0.6291   0.03093   0.00342  0.002144
   264/399        0G   0.02743  0.008592  0.002287   0.03831        35       640    0.9999         1    0.9951    0.5782   0.03167   0.00348  0.002145
   265/399        0G    0.0283  0.008202   0.00233   0.03883        26       640    0.9999         1    0.9951     0.563   0.03347  0.003512  0.002121
   266/399        0G   0.02993  0.008809  0.002255     0.041        43       640    0.9999         1    0.9951    0.6409   0.03128  0.003528    0.0021
   267/399        0G   0.02839  0.008235  0.002239   0.03887        41       640    0.9997         1    0.9951    0.6369   0.03248  0.003551   0.00207
   268/399        0G   0.03047  0.007836  0.002239   0.04055        34       640    0.9998         1    0.9951    0.5992   0.03544  0.003598  0.002073
   269/399        0G   0.02675  0.008549  0.002187   0.03749        32       640         1    0.9998    0.9951    0.5815   0.03361  0.003638  0.002066
   270/399        0G    0.0278  0.007915  0.002219   0.03793        36       640    0.9998         1    0.9951    0.6189   0.02999  0.003731   0.00206
   271/399        0G   0.03337  0.008308  0.002229   0.04391        40       640    0.9997         1    0.9951    0.5853   0.03248  0.003834  0.002065
   272/399        0G   0.03135  0.008233  0.002225   0.04181        33       640         1    0.9999    0.9951    0.5786   0.03096  0.003857  0.002055
   273/399        0G   0.02839  0.009724  0.002329   0.04044        43       640    0.9999         1    0.9951     0.632   0.03243  0.003904  0.002064
   274/399        0G   0.02597  0.008614  0.002225   0.03681        41       640    0.9998         1    0.9951    0.6515   0.02984  0.003936  0.002063
   275/399        0G    0.0278  0.008291  0.002151   0.03824        27       640         1    0.9999    0.9951    0.6695   0.02904  0.003994  0.002056
   276/399        0G   0.02548  0.007538  0.002168   0.03518        33       640         1         1    0.9951    0.6661   0.02727  0.003953  0.002027
   277/399        0G   0.02901  0.007804  0.002224   0.03904        34       640    0.9997         1    0.9951    0.5733   0.02904  0.004135  0.002035
   278/399        0G   0.02968  0.007689  0.002104   0.03947        37       640    0.9999         1    0.9951    0.6501   0.02867  0.003997  0.002007
   279/399        0G   0.02862  0.008856  0.002175   0.03965        33       640         1    0.9997    0.9951    0.6661   0.02712  0.003915  0.001991
   280/399        0G   0.02675  0.007552  0.002159   0.03646        34       640         1    0.9998    0.9951     0.646   0.03013  0.003808  0.001975
   281/399        0G   0.02901   0.00791  0.002213   0.03913        36       640         1    0.9999    0.9951    0.5714     0.031  0.003942  0.001984
   282/399        0G   0.02938  0.009134  0.002185    0.0407        44       640         1         1    0.9951    0.6456   0.03084  0.003935  0.001993
   283/399        0G   0.02953  0.008525  0.002162   0.04022        36       640    0.9997         1    0.9951    0.6229   0.03339  0.003877  0.002013
   284/399        0G   0.02741   0.00818  0.002191   0.03778        44       640         1    0.9997    0.9951    0.5995    0.0321   0.00376  0.002038
   285/399        0G    0.0297  0.008833  0.002267   0.04081        41       640         1    0.9998    0.9951    0.5884   0.03139  0.003775  0.002054
   286/399        0G   0.02861  0.007615   0.00224   0.03846        19       640         1    0.9996    0.9952    0.6584   0.03149  0.003786  0.002068
   287/399        0G   0.02756   0.00864  0.002251   0.03845        33       640         1    0.9998    0.9951    0.6058   0.02993  0.003893  0.002092
   288/399        0G   0.02679  0.007169  0.002169   0.03613        30       640         1    0.9999    0.9951    0.6351   0.02969  0.003941  0.002092
   289/399        0G   0.02757  0.007597   0.00219   0.03736        31       640         1         1    0.9951    0.6004   0.03149  0.003955  0.002086
   290/399        0G   0.02924  0.007763  0.002205   0.03921        37       640         1         1    0.9951    0.6222   0.03009  0.003955  0.002078
   291/399        0G   0.02675  0.007888  0.002146   0.03678        38       640         1    0.9997    0.9951    0.5783   0.03441  0.003984  0.002065
   292/399        0G   0.02679  0.008886  0.002173   0.03785        35       640    0.8749         1    0.9776     0.598   0.03465  0.004011  0.002034
   293/399        0G   0.02532   0.00822  0.002047   0.03559        43       640    0.8748         1    0.9776    0.5986   0.03356  0.004028  0.002013
   294/399        0G   0.02498  0.008591   0.00202   0.03559        39       640     0.875    0.9996    0.9777    0.5753   0.03114  0.004034  0.001983
   295/399        0G   0.02567  0.008284  0.002034   0.03598        58       640     0.875         1    0.9777    0.5556   0.03285  0.004163  0.001963
   296/399        0G   0.02657  0.008274   0.00204   0.03688        35       640    0.8749    0.9994    0.9777    0.5866    0.0306  0.004059  0.001933
   297/399        0G   0.02514  0.008335  0.001974   0.03545        49       640    0.8749    0.9995    0.9777    0.6417   0.02902  0.004011  0.001915
   298/399        0G   0.02726  0.007911  0.001994   0.03717        45       640         1         1    0.9952    0.6121   0.02954  0.003908  0.001911
   299/399        0G   0.02555  0.007881   0.00193   0.03536        40       640         1    0.9999    0.9952     0.607   0.03072  0.003933  0.001903
   300/399        0G   0.02627  0.008655  0.001978   0.03691        42       640    0.9999         1    0.9952    0.6451   0.03105  0.003863  0.001892
   301/399        0G   0.02455   0.00787  0.001957   0.03438        35       640    0.9999         1    0.9952    0.6517   0.03225  0.003902  0.001886
   302/399        0G   0.02385  0.007616  0.001912   0.03338        34       640    0.9998         1    0.9951    0.6186   0.03243  0.003864   0.00188
   303/399        0G   0.02542  0.008297  0.001864   0.03558        44       640         1         1    0.9952    0.5805    0.0363  0.003837  0.001866
   304/399        0G   0.02496  0.007843  0.001834   0.03464        35       640         1    0.9998    0.9952    0.6007   0.03433  0.003784  0.001855
   305/399        0G   0.02629    0.0073   0.00192   0.03551        30       640         1    0.9999    0.9952    0.6246   0.03382  0.003759  0.001853
   306/399        0G   0.02721  0.007997  0.001863   0.03707        41       640         1    0.9999    0.9952    0.6221   0.03283  0.003841  0.001856
   307/399        0G   0.02603  0.008537  0.001916   0.03648        47       640         1    0.9998    0.9951    0.5867   0.03612  0.003815  0.001871
   308/399        0G   0.02569  0.007085  0.001899   0.03468        34       640         1         1    0.9951    0.5995   0.03385  0.003903  0.001886
   309/399        0G   0.02721  0.008245  0.001976   0.03743        34       640         1    0.9999    0.9951    0.5855   0.03503  0.003872  0.001886
   310/399        0G   0.02621  0.008031  0.001921   0.03616        38       640         1    0.9997    0.9951    0.6304   0.03147  0.003959  0.001883
   311/399        0G   0.02639  0.008544  0.001914   0.03685        46       640         1    0.9998    0.9952    0.6039   0.03307  0.003969  0.001875
   312/399        0G   0.02559  0.008951  0.001876   0.03641        45       640    0.9998         1    0.9951    0.6408   0.03083  0.004017  0.001864
   313/399        0G   0.02714  0.008222  0.001855   0.03722        41       640         1    0.9998    0.9952    0.6642   0.02918  0.004081  0.001859
   314/399        0G   0.02428  0.006951  0.001844   0.03307        39       640         1    0.9999    0.9952    0.6365   0.02994  0.004135   0.00185
   315/399        0G    0.0252  0.008069  0.001828    0.0351        34       640         1    0.9998    0.9952    0.6009   0.03194  0.004221  0.001849
   316/399        0G   0.02731   0.00846  0.001854   0.03762        45       640         1    0.9997    0.9952    0.6189   0.03152  0.004195  0.001838
   317/399        0G   0.02398  0.007524  0.001795    0.0333        39       640         1    0.9999    0.9951    0.6602    0.0306  0.004213  0.001824
   318/399        0G   0.02555  0.008853  0.001785   0.03618        53       640         1    0.9999    0.9951    0.6543   0.02929  0.004224  0.001814
   319/399        0G    0.0251  0.007822  0.001778    0.0347        36       640         1         1    0.9951    0.6482   0.02888   0.00417  0.001799
   320/399        0G   0.02478  0.008315  0.001743   0.03484        47       640    0.9999         1    0.9951    0.6416   0.03054   0.00411  0.001785
   321/399        0G    0.0288   0.00896  0.001784   0.03955        37       640         1         1    0.9951    0.5776   0.03334  0.004122  0.001778
   322/399        0G   0.02575  0.007735  0.001797   0.03528        42       640         1    0.9999    0.9951     0.677   0.02815  0.004032  0.001763
   323/399        0G   0.02499  0.008028  0.001824   0.03484        37       640         1    0.9999    0.9951    0.6628   0.02967  0.003999  0.001759
   324/399        0G   0.02639  0.008494  0.001831   0.03671        53       640         1         1    0.9951    0.6652   0.03021  0.003915  0.001752
   325/399        0G   0.02421  0.009965  0.001797   0.03598        42       640         1    0.9998    0.9951    0.6702   0.02918  0.003834  0.001739
   326/399        0G   0.02315   0.00851  0.001758   0.03342        38       640    0.9999         1    0.9951    0.6896   0.02875  0.003726  0.001722
   327/399        0G    0.0271  0.008613  0.001838   0.03755        45       640         1    0.9998    0.9951    0.6963   0.02846  0.003642  0.001703
   328/399        0G    0.0258   0.00774  0.001811   0.03535        35       640         1         1    0.9951    0.6198   0.03038  0.003709  0.001709
   329/399        0G   0.02614  0.007923  0.001786   0.03585        35       640         1         1    0.9951    0.6617   0.03056  0.003718  0.001708
   330/399        0G    0.0259  0.009221   0.00186   0.03698        45       640         1    0.9999    0.9952    0.6342   0.03176  0.003812  0.001715
   331/399        0G    0.0259  0.009338  0.001837   0.03708        44       640         1    0.9998    0.9952    0.6257   0.03134  0.003779  0.001713
   332/399        0G    0.0245  0.007616  0.001771   0.03389        37       640         1         1    0.9952    0.6388   0.03047  0.003779  0.001711
   333/399        0G   0.02489  0.008392  0.001818    0.0351        36       640    0.9999         1    0.9952    0.6483   0.03085  0.003744  0.001705
   334/399        0G    0.0233  0.007717  0.001691   0.03271        31       640         1         1    0.9951    0.6468   0.03028  0.003815  0.001704
   335/399        0G   0.02465   0.00719  0.001647   0.03349        36       640         1    0.9999    0.9951    0.6512   0.03241  0.003816    0.0017
   336/399        0G   0.02266  0.006805  0.001676   0.03114        23       640         1    0.9999    0.9951    0.6776   0.03277  0.003872  0.001698
   337/399        0G   0.02248  0.007059  0.001679   0.03122        36       640         1         1    0.9951    0.6584   0.03195  0.003866   0.00169
   338/399        0G    0.0253  0.007082  0.001752   0.03413        30       640         1    0.9999    0.9951    0.6587   0.03411  0.003868  0.001688
   339/399        0G   0.02411   0.00731  0.001777    0.0332        38       640    0.9998         1    0.9951    0.6695   0.03243  0.003802  0.001684
   340/399        0G   0.02322  0.008523  0.001713   0.03346        46       640         1    0.9999    0.9951    0.6148   0.03399  0.003784  0.001685
   341/399        0G   0.02199  0.007701  0.001674   0.03136        38       640    0.9999         1    0.9951    0.6335   0.03455   0.00378  0.001682
   342/399        0G   0.02393  0.008624  0.001752   0.03431        50       640         1         1    0.9951    0.5657   0.03521  0.003767   0.00168
   343/399        0G   0.02499  0.007862  0.001739   0.03459        42       640         1    0.9998    0.9951    0.5455   0.03341  0.003702  0.001666
   344/399        0G   0.02116  0.006913  0.001667   0.02974        32       640    0.9999         1    0.9951    0.5988   0.03203  0.003686  0.001647
   345/399        0G   0.02466   0.00777  0.001676   0.03411        41       640    0.9998         1    0.9951    0.6176   0.03216  0.003717  0.001632
   346/399        0G   0.02238  0.006563  0.001602   0.03054        37       640         1    0.9997    0.9951    0.6229    0.0317  0.003763  0.001622
   347/399        0G   0.02602  0.007307  0.001709   0.03503        29       640         1         1    0.9951    0.6431   0.03061  0.003855  0.001613
   348/399        0G   0.02536  0.007966  0.001668   0.03499        30       640         1    0.9998    0.9951    0.6197   0.03156  0.003923  0.001605
   349/399        0G   0.02287   0.00776  0.001648   0.03227        45       640         1    0.9997    0.9951    0.6289   0.03012  0.003955  0.001597
   350/399        0G   0.02579    0.0074  0.001642   0.03484        46       640     0.875         1    0.9776    0.6933   0.02884  0.004043  0.001593
   351/399        0G    0.0221  0.007335  0.001625   0.03106        37       640    0.8748         1    0.9776    0.6713   0.02806  0.004064  0.001595
   352/399        0G   0.02362  0.008132   0.00164   0.03339        45       640     0.875    0.9998    0.9776    0.6468   0.02918  0.004058  0.001591
   353/399        0G   0.02469  0.006529  0.001628   0.03285        43       640    0.8749         1    0.9776    0.6393   0.02666  0.004188  0.001588
   354/399        0G   0.02208  0.007021  0.001636   0.03074        30       640    0.8747         1    0.9776    0.6649   0.02564  0.004177  0.001582
   355/399        0G   0.02439  0.008018  0.001648   0.03406        41       640         1    0.9999    0.9951    0.6736   0.02461   0.00421  0.001579
   356/399        0G     0.027  0.008416  0.001702   0.03712        46       640         1         1    0.9951    0.6667   0.02598  0.004172  0.001566
   357/399        0G   0.02479  0.009028  0.001663   0.03549        36       640         1         1    0.9951    0.6862   0.02641  0.004104  0.001559
   358/399        0G   0.02487   0.00755  0.001648   0.03407        38       640    0.9998         1    0.9951    0.6206   0.02831  0.004065  0.001549
   359/399        0G   0.02364  0.007378  0.001596   0.03262        60       640    0.9999         1    0.9951    0.6622   0.02532  0.004026  0.001541
   360/399        0G   0.02531  0.007696  0.001663   0.03466        34       640         1    0.9999    0.9951    0.6952   0.02696  0.003949  0.001536
   361/399        0G   0.02362  0.007838   0.00172   0.03318        45       640    0.9998         1    0.9951    0.6642   0.02717  0.003858  0.001528
   362/399        0G   0.02542  0.009165   0.00163   0.03621        59       640         1    0.9997    0.9951    0.6807   0.02654  0.003761  0.001521
   363/399        0G   0.02653  0.007965  0.001678   0.03618        40       640         1    0.9998    0.9951    0.6202    0.0274  0.003637  0.001517
   364/399        0G   0.02532   0.00729  0.001638   0.03425        31       640    0.9998         1    0.9951    0.6478    0.0277  0.003472  0.001507
   365/399        0G   0.02379   0.00759  0.001644   0.03302        41       640    0.9999         1    0.9952    0.6508   0.02772  0.003436  0.001502
   366/399        0G   0.02558  0.008708  0.001574   0.03586        48       640    0.9998         1    0.9952    0.6676   0.02959  0.003433  0.001482
   367/399        0G   0.02421  0.008597  0.001613   0.03442        38       640         1         1    0.9951    0.6228   0.03214  0.003464  0.001473
   368/399        0G   0.02502  0.006839  0.001585   0.03345        39       640    0.9999         1    0.9951    0.6357   0.03072  0.003454   0.00147
   369/399        0G   0.02731   0.00838  0.001634   0.03732        35       640    0.9999         1    0.9951    0.6925   0.02815  0.003431  0.001458
   370/399        0G   0.02667  0.007509  0.001571   0.03576        38       640    0.9999         1    0.9951    0.6769   0.02749  0.003422  0.001458
   371/399        0G   0.02465  0.006897  0.001596   0.03314        35       640    0.9999         1    0.9951    0.6321    0.0289  0.003433  0.001456
   372/399        0G   0.02436  0.008517  0.001646   0.03453        41       640    0.9999         1    0.9951    0.6624   0.02857  0.003463   0.00146
   373/399        0G   0.02428  0.008059  0.001542   0.03388        53       640    0.9999         1    0.9951    0.6858   0.02909  0.003527  0.001464
   374/399        0G   0.02318  0.007595  0.001566   0.03234        41       640    0.9998         1    0.9951    0.6503   0.02908  0.003562   0.00147
   375/399        0G    0.0252  0.008101  0.001617   0.03491        32       640    0.9999         1    0.9951    0.6626   0.02911  0.003599  0.001474
   376/399        0G   0.02225   0.00778  0.001569    0.0316        37       640         1    0.9999    0.9951    0.6697   0.02904  0.003581  0.001476
   377/399        0G   0.02218  0.007922  0.001572   0.03168        39       640    0.9998         1    0.9952    0.6656   0.02732  0.003541  0.001472
   378/399        0G   0.02073  0.007486  0.001531   0.02975        37       640         1    0.9999    0.9952    0.6656   0.02754  0.003476  0.001467
   379/399        0G   0.02399  0.007979  0.001556   0.03352        34       640    0.9999         1    0.9952    0.6607   0.02799  0.003494  0.001472
   380/399        0G   0.02388   0.00743  0.001544   0.03285        43       640    0.9999         1    0.9952    0.6007   0.02999   0.00356  0.001477
   381/399        0G   0.02328  0.007168  0.001532   0.03198        44       640    0.9999         1    0.9952    0.6472   0.02734  0.003542   0.00148
   382/399        0G   0.02346   0.00759  0.001555    0.0326        40       640         1         1    0.9952    0.6664   0.02695  0.003587  0.001486
   383/399        0G   0.02442  0.007077  0.001539   0.03303        42       640    0.8746         1    0.9777    0.6309   0.02812  0.003835  0.001502
   384/399        0G   0.02293  0.006587  0.001525   0.03104        37       640     0.875    0.9998    0.9777    0.6414   0.02901  0.004008  0.001511
   385/399        0G   0.02316  0.007482  0.001537   0.03218        34       640    0.8749    0.9989    0.9776    0.6466   0.02875  0.004084  0.001518
   386/399        0G    0.0244  0.009217   0.00159   0.03521        50       640         1    0.9999    0.9951    0.6584   0.02861  0.004062  0.001522
   387/399        0G   0.02339  0.007673  0.001519   0.03258        39       640         1         1    0.9951    0.6744   0.02769  0.004176  0.001533
   388/399        0G   0.02315  0.006929  0.001517    0.0316        32       640    0.9999    0.8571     0.964    0.6375   0.02846  0.004314  0.001546
   389/399        0G   0.02384  0.008338  0.001489   0.03366        48       640    0.9998    0.8571    0.9532    0.6426   0.02837  0.004437  0.001556
   390/399        0G   0.02421  0.007712  0.001509   0.03343        43       640    0.9998    0.8571    0.9641    0.6744   0.02839  0.004423  0.001553
   391/399        0G   0.02313   0.00762  0.001548   0.03229        34       640         1    0.8571    0.9532    0.6791   0.03003  0.004484  0.001556
   392/399        0G   0.02436   0.00803  0.001515    0.0339        42       640    0.9998    0.8571    0.9532     0.592   0.03112   0.00457  0.001564
   393/399        0G   0.02307  0.007928   0.00155   0.03255        41       640    0.9999    0.8571    0.9532    0.5991   0.03023  0.004537  0.001558
   394/399        0G   0.02185  0.007245  0.001449   0.03055        39       640    0.8749    0.9992    0.9777    0.6544   0.02978  0.004425  0.001544
   395/399        0G   0.02257  0.007928  0.001488   0.03199        42       640     0.873         1    0.9777    0.6203   0.02877  0.004369  0.001528
   396/399        0G   0.02185  0.007095  0.001446   0.03039        44       640         1         1    0.9952    0.6318    0.0297  0.004284   0.00152
   397/399        0G    0.0212  0.007094   0.00146   0.02975        41       640         1    0.9999    0.9952    0.6121   0.03275  0.004262   0.00151
   398/399        0G   0.02238  0.007112  0.001477   0.03097        37       640         1    0.9998    0.9952    0.5976   0.03323  0.004177  0.001505
   399/399        0G   0.02217  0.007515  0.001415    0.0311        44       640         1    0.9999    0.9952    0.6318   0.03154   0.00412  0.001497
