     0/399        0G    0.1184    0.1647         0    0.2832       415       640    0.0178   0.02553  0.001417 0.0003795    0.1155    0.1945         0
     1/399        0G    0.1175    0.1855         0     0.303       422       640    0.0125   0.03404 0.0008711 0.0002118    0.1154    0.1938         0
     2/399        0G    0.1178    0.1665         0    0.2844       535       640  0.009274    0.0383 0.0006203 0.0001458    0.1152    0.1941         0
     3/399        0G     0.116    0.1818         0    0.2978       538       640  0.007333   0.04681  0.000415 0.0001022     0.115    0.1951         0
     4/399        0G    0.1157     0.149         0    0.2646       416       640  0.006667   0.04255 0.0003506 8.462e-05    0.1149    0.1956         0
     5/399        0G    0.1164    0.1573         0    0.2737       350       640  0.008667   0.05532 0.0006328 0.0001318     0.115    0.1958         0
     6/399        0G    0.1133    0.1615         0    0.2748       302       640   0.02082   0.04681  0.001614 0.0002784    0.1152    0.1958         0
     7/399        0G    0.1131    0.1729         0     0.286       334       640   0.01723   0.03404  0.001102 0.0002435    0.1156    0.1954         0
     8/399        0G    0.1152    0.1755         0    0.2908       454       640   0.03023   0.04255  0.002759 0.0008728    0.1154    0.1976         0
     9/399        0G    0.1141    0.2052         0    0.3193       611       640   0.02199    0.1064  0.003901 0.0008021    0.1156     0.196         0
    10/399        0G     0.111    0.1608         0    0.2719       376       640    0.0207   0.09362  0.002786 0.0005307    0.1164    0.1913         0
    11/399        0G      0.11    0.1995         0    0.3094       357       640   0.02145    0.1191  0.003157 0.0004805    0.1169    0.1869         0
    12/399        0G    0.1106    0.1776         0    0.2882       373       640   0.03275   0.05532  0.003658 0.0005724    0.1172    0.1837         0
    13/399        0G    0.1095    0.1728         0    0.2822       350       640   0.04097   0.05106  0.004645 0.0007241    0.1172    0.1811         0
    14/399        0G    0.1088    0.2003         0    0.3091       484       640   0.05539   0.05106  0.006679  0.001036     0.117    0.1789         0
    15/399        0G    0.1071    0.1502         0    0.2574       382       640   0.05872   0.08936  0.009295  0.001543    0.1167    0.1774         0
    16/399        0G    0.1064    0.1774         0    0.2838       392       640   0.05365    0.1362   0.01143  0.001922    0.1166    0.1749         0
    17/399        0G    0.1071    0.1992         0    0.3063       508       640   0.06354    0.1617   0.01319  0.002433    0.1163    0.1727         0
    18/399        0G    0.1042    0.1805         0    0.2847       278       640   0.06637    0.1957   0.01615  0.002805    0.1159    0.1708         0
    19/399        0G    0.1061    0.1794         0    0.2855       403       640   0.08927    0.1574   0.02036  0.003705    0.1149    0.1706         0
    20/399        0G    0.1026    0.2131         0    0.3157       600       640   0.09108    0.1362   0.02037  0.004158    0.1139    0.1705         0
    21/399        0G    0.1022    0.1639         0    0.2661       331       640   0.08918    0.1617   0.02328  0.004686    0.1133    0.1715         0
    22/399        0G    0.1029    0.1755         0    0.2784       327       640    0.1037    0.1277   0.02347  0.004839    0.1126    0.1735         0
    23/399        0G    0.1028    0.1822         0     0.285       449       640   0.09595    0.1617   0.02546  0.004398    0.1119    0.1753         0
    24/399        0G   0.09989    0.1726         0    0.2725       515       640    0.1082     0.166   0.02548  0.004167    0.1115    0.1764         0
    25/399        0G   0.09912    0.1879         0     0.287       576       640    0.1156    0.1702   0.03523  0.006262    0.1104    0.1787         0
    26/399        0G   0.09986    0.1582         0     0.258       374       640    0.1183    0.1957   0.04036  0.007566    0.1092    0.1805         0
    27/399        0G   0.09757    0.1522         0    0.2498       439       640     0.115    0.2511    0.0619   0.01216    0.1075    0.1819         0
    28/399        0G   0.09473    0.1761         0    0.2708       375       640    0.1757    0.1489   0.06804   0.01328    0.1063    0.1862         0
    29/399        0G   0.09295    0.1926         0    0.2855       448       640    0.1845    0.1742    0.0671   0.01416    0.1054    0.1877         0
    30/399        0G   0.09589     0.194         0    0.2899       352       640    0.1971       0.2   0.09719   0.01868    0.1024    0.1902         0
    31/399        0G    0.0913    0.1928         0    0.2841       503       640    0.2635    0.1617    0.1072   0.01902    0.1014    0.1914         0
    32/399        0G   0.09391    0.1706         0    0.2645       488       640    0.2897     0.217    0.1244   0.02536   0.09844    0.1944         0
    33/399        0G   0.09044    0.2064         0    0.2968       372       640    0.2289    0.2426    0.1213   0.02552   0.09805    0.1956         0
    34/399        0G   0.09067    0.1917         0    0.2823       578       640    0.2846    0.2426    0.1561   0.03176    0.0964    0.2001         0
    35/399        0G   0.08804    0.1822         0    0.2703       567       640    0.4202    0.2255    0.1596   0.03629   0.09459     0.205         0
    36/399        0G    0.0879    0.1964         0    0.2843       570       640    0.4098    0.2255    0.1666   0.04758   0.09349    0.2183         0
    37/399        0G   0.08679    0.1713         0    0.2581       438       640    0.4433     0.217    0.1844   0.04859   0.09141    0.2142         0
    38/399        0G   0.08526    0.1752         0    0.2604       417       640     0.359    0.2681    0.1977   0.05385   0.08939    0.2133         0
    39/399        0G   0.08512    0.1697         0    0.2548       446       640    0.4559    0.2426    0.2164    0.0576   0.08768    0.2087         0
    40/399        0G   0.08049    0.1661         0    0.2466       303       640    0.3286    0.2553    0.1935   0.04503   0.08834    0.2074         0
    41/399        0G   0.08291    0.1731         0     0.256       498       640    0.3302    0.2468    0.2202   0.06094   0.08623    0.1989         0
    42/399        0G   0.08281    0.1684         0    0.2512       462       640    0.4154    0.2213    0.2213    0.0654   0.08389    0.1969         0
    43/399        0G   0.08031    0.1518         0    0.2321       389       640    0.4194    0.2889    0.2584   0.06984   0.08362    0.2071         0
    44/399        0G   0.07636    0.1825         0    0.2588       542       640    0.4072    0.2851    0.2419   0.06227   0.08315     0.212         0
    45/399        0G   0.07921    0.1864         0    0.2657       404       640    0.3971    0.2809    0.2677   0.08237   0.08063    0.2144         0
    46/399        0G    0.0761     0.179         0    0.2551       494       640    0.4594    0.2936    0.2791   0.07202   0.08067     0.222         0
    47/399        0G   0.07729    0.1933         0    0.2706       600       640    0.4564    0.2894    0.2742   0.07759   0.07968    0.2239         0
    48/399        0G   0.07546    0.1806         0    0.2561       514       640    0.4249    0.3021    0.2736   0.07494   0.07917    0.2319         0
    49/399        0G   0.07149    0.1981         0    0.2696       396       640    0.5162    0.2809    0.2916   0.08935   0.07924    0.2505         0
    50/399        0G   0.07141    0.1524         0    0.2238       489       640    0.3853    0.3447    0.3007   0.09725   0.07842    0.2234         0
    51/399        0G   0.07194    0.1657         0    0.2376       492       640    0.5318    0.3064    0.3052    0.1044   0.07788    0.2082         0
    52/399        0G   0.07312    0.1547         0    0.2278       370       640    0.5193    0.3218    0.3255    0.1094   0.07692    0.2101         0
    53/399        0G    0.0733    0.1704         0    0.2437       532       640    0.4553    0.3319    0.3277   0.09879   0.07655    0.2125         0
    54/399        0G   0.07115    0.1554         0    0.2266       399       640     0.469    0.3191    0.3506    0.1227   0.07615    0.2138         0
    55/399        0G   0.06637    0.1779         0    0.2443       387       640    0.6409    0.2894    0.3563    0.1123   0.07603    0.2154         0
    56/399        0G   0.06926     0.159         0    0.2283       482       640    0.3408    0.3872    0.3021   0.08397   0.08068    0.2066         0
    57/399        0G   0.07368    0.1478         0    0.2215       306       640    0.3605    0.3362    0.3014   0.09475   0.08025    0.2016         0
    58/399        0G   0.06931    0.1786         0    0.2479       463       640    0.5245    0.3149    0.3285   0.09539   0.07576    0.2115         0
    59/399        0G   0.06986    0.1682         0     0.238       394       640     0.295    0.3702    0.2947   0.07831   0.08248    0.2194         0
    60/399        0G   0.06922    0.1585         0    0.2277       405       640    0.3906    0.3191    0.3113   0.09335   0.08026    0.2098         0
    61/399        0G   0.07209    0.1508         0    0.2229       384       640    0.4342    0.3233     0.299   0.08205   0.07683    0.1997         0
    62/399        0G   0.06878     0.149         0    0.2178       324       640    0.4208    0.4128    0.3488    0.1239   0.07352    0.2017         0
    63/399        0G   0.06662    0.1676         0    0.2342       420       640    0.4373    0.3604    0.3533    0.1081   0.07624    0.2072         0
    64/399        0G   0.06762    0.1533         0    0.2209       544       640    0.3227    0.4894    0.2984   0.07276   0.07574    0.2049         0
    65/399        0G   0.07231    0.1869         0    0.2592       626       640    0.3749    0.4213    0.3316    0.1058   0.07929    0.2137         0
    66/399        0G   0.07014     0.158         0    0.2281       516       640    0.4315    0.5021    0.4426    0.1238   0.07242    0.2007         0
    67/399        0G   0.06695    0.1671         0    0.2341       462       640     0.383     0.383    0.3045   0.09003   0.07648    0.2086         0
    68/399        0G   0.06636    0.1654         0    0.2317       371       640    0.4913       0.4    0.3983    0.1369   0.07453    0.2057         0
    69/399        0G   0.06599    0.1675         0    0.2335       458       640    0.3542    0.4128    0.3465    0.1125   0.07743    0.2039         0
    70/399        0G   0.06546    0.1418         0    0.2073       370       640    0.3583    0.5442    0.4012    0.1332   0.07402     0.184         0
    71/399        0G   0.06895    0.1873         0    0.2563       430       640    0.4321    0.4894    0.4015    0.1305   0.07711    0.2061         0
    72/399        0G   0.06647    0.1416         0     0.208       247       640    0.6523    0.3489    0.4397    0.1448    0.0748    0.1954         0
    73/399        0G   0.06762     0.159         0    0.2267       444       640     0.315    0.5021    0.3121   0.07273   0.07909    0.1891         0
    74/399        0G   0.06235    0.1672         0    0.2296       380       640    0.6441    0.3319    0.4319    0.1347   0.07173    0.1871         0
    75/399        0G   0.06437    0.1702         0    0.2346       503       640    0.3356    0.4213    0.3201    0.1111   0.07382    0.1915         0
    76/399        0G   0.06421    0.1544         0    0.2186       495       640    0.4877    0.4596    0.4362     0.155   0.07032    0.1935         0
    77/399        0G   0.06575    0.1569         0    0.2226       450       640     0.373    0.4511    0.3244   0.09749   0.07562    0.1941         0
    78/399        0G   0.06494    0.1517         0    0.2167       471       640     0.427    0.5106     0.439    0.1522   0.07036    0.1869         0
    79/399        0G   0.06272    0.1679         0    0.2306       470       640    0.3435    0.4809    0.3235   0.08194   0.07576    0.1867         0
    80/399        0G   0.06309    0.1391         0    0.2022       378       640    0.4349    0.4848    0.4304    0.1434   0.06973    0.1825         0
    81/399        0G    0.0681    0.1729         0     0.241       654       640    0.3314    0.5787    0.3903     0.129   0.07527    0.1877         0
    82/399        0G   0.06443    0.1777         0    0.2421       557       640    0.5002    0.3787    0.3885    0.1291   0.07437    0.1953         0
    83/399        0G   0.06891    0.1603         0    0.2292       417       640    0.2802    0.4588    0.2462   0.05592   0.07669    0.1938         0
    84/399        0G   0.06966    0.1526         0    0.2223       416       640    0.6074    0.4426    0.5128     0.195   0.06746    0.1865         0
    85/399        0G   0.06422    0.1689         0    0.2332       489       640    0.3772    0.5052    0.3342    0.1092   0.07374    0.1931         0
    86/399        0G   0.06224    0.1663         0    0.2285       538       640    0.4312    0.4838    0.4379    0.1602   0.06823    0.2007         0
    87/399        0G   0.06334    0.1464         0    0.2098       406       640    0.5329    0.3277    0.3544    0.1064    0.0754    0.1883         0
    88/399        0G   0.06131      0.15         0    0.2113       365       640     0.416    0.4894    0.4095    0.1223   0.07202    0.1886         0
    89/399        0G    0.0644    0.1406         0     0.205       401       640    0.4404    0.4766    0.4503    0.1434   0.07087    0.1923         0
    90/399        0G   0.05997    0.1512         0    0.2112       459       640    0.4985    0.4128    0.3596   0.08119   0.07267    0.1894         0
    91/399        0G   0.06751     0.165         0    0.2326       353       640    0.3406    0.4505    0.3566    0.1006   0.07644    0.2002         0
    92/399        0G   0.06399    0.1744         0    0.2384       481       640    0.4157    0.4511     0.422    0.1354   0.07376    0.2078         0
    93/399        0G   0.06491    0.1428         0    0.2077       368       640    0.2828    0.4936    0.2999   0.08028   0.07218     0.194         0
    94/399        0G    0.0646    0.1814         0     0.246       563       640    0.4451    0.4676    0.4106    0.1442   0.07209    0.2087         0
    95/399        0G   0.06549    0.1643         0    0.2298       490       640    0.3742    0.3957    0.3431   0.09092   0.08042    0.2135         0
    96/399        0G   0.06845    0.1684         0    0.2369       584       640    0.4489    0.3617    0.3309   0.09505   0.07061    0.2059         0
    97/399        0G   0.06259    0.1496         0    0.2122       335       640    0.3509    0.5319    0.3758    0.1198   0.07129    0.1953         0
    98/399        0G   0.06303    0.1509         0    0.2139       472       640    0.3718    0.5745    0.3998      0.12   0.06934    0.1895         0
    99/399        0G   0.06303    0.1588         0    0.2219       464       640    0.4394    0.4169    0.4051    0.1183   0.07034    0.1866         0
   100/399        0G   0.06078    0.1388         0    0.1995       442       640    0.4265    0.5872    0.4559    0.1658   0.06616    0.1839         0
   101/399        0G   0.06344    0.1542         0    0.2176       511       640    0.3056     0.617    0.3579    0.1097   0.07387    0.1818         0
   102/399        0G   0.06229    0.1455         0    0.2078       458       640    0.4477     0.583    0.4576     0.152   0.07003    0.1857         0
   103/399        0G   0.06772     0.122         0    0.1898       276       640    0.3672    0.5277    0.3684   0.08646   0.07953    0.1715         0
   104/399        0G   0.07039    0.1523         0    0.2227       462       640    0.5157    0.6163    0.5672    0.2153   0.06608    0.1792         0
   105/399        0G   0.06266    0.1409         0    0.2036       473       640      0.57    0.5702    0.5832    0.2066   0.07302    0.1831         0
   106/399        0G   0.06296    0.1498         0    0.2127       496       640    0.4979    0.5574    0.4923    0.1855   0.06683    0.1926         0
   107/399        0G   0.06666    0.1417         0    0.2084       411       640    0.3664    0.5489    0.3777    0.1376   0.07771    0.1798         0
   108/399        0G   0.06976    0.1433         0    0.2131       538       640    0.5674    0.4466    0.5237    0.1958   0.06919    0.1798         0
   109/399        0G   0.06685    0.1553         0    0.2222       463       640    0.3735     0.617    0.4574    0.1259   0.07264    0.2048         0
   110/399        0G   0.06141     0.183         0    0.2444       617       640    0.5784    0.4511    0.4957     0.188    0.0691    0.1941         0
   111/399        0G   0.06288    0.1537         0    0.2165       421       640    0.3979    0.4979    0.4365    0.1358   0.07482    0.1901         0
   112/399        0G   0.06355    0.1423         0    0.2059       410       640    0.4799    0.4596    0.4752    0.1806   0.06701    0.1861         0
   113/399        0G    0.0618    0.1577         0    0.2195       490       640    0.3311    0.5149     0.353    0.1056   0.07399    0.1921         0
   114/399        0G   0.06481    0.1507         0    0.2155       487       640    0.5081    0.4979    0.5066    0.1669   0.06828    0.1803         0
   115/399        0G   0.06463    0.1485         0    0.2131       410       640    0.6174    0.3319    0.4317    0.1443    0.0716    0.1833         0
   116/399        0G   0.06022    0.1475         0    0.2078       355       640    0.5113     0.566    0.5431    0.2018   0.06718     0.184         0
   117/399        0G   0.05931    0.1507         0      0.21       437       640    0.4778    0.3787     0.378   0.09408   0.07128    0.1807         0
   118/399        0G   0.06136    0.1632         0    0.2245       385       640    0.4432    0.5521    0.5018     0.162   0.06831    0.1854         0
   119/399        0G    0.0625    0.1703         0    0.2328       538       640    0.4056    0.4766     0.388    0.1144   0.07006    0.1846         0
   120/399        0G   0.06079    0.1357         0    0.1965       410       640    0.3912    0.6511    0.4451    0.1482   0.06668    0.1864         0
   121/399        0G   0.06289    0.1523         0    0.2152       491       640    0.4374    0.6468    0.4474    0.1368   0.06995    0.1888         0
   122/399        0G   0.05909     0.141         0    0.2001       406       640    0.4925    0.7191    0.5702    0.2182    0.0644    0.1841         0
   123/399        0G    0.0616    0.1491         0    0.2107       530       640    0.4804    0.6807    0.5668    0.1855   0.06705     0.189         0
   124/399        0G   0.05486    0.1264         0    0.1813       354       640    0.6296    0.7089     0.669    0.2506   0.06265    0.1809         0
   125/399        0G   0.06063    0.1613         0    0.2219       435       640    0.4601    0.5787    0.4626    0.1385   0.07111    0.1967         0
   126/399        0G   0.05856    0.1424         0    0.2009       390       640     0.467    0.6636    0.5323    0.1805   0.06377     0.188         0
   127/399        0G   0.06005    0.1303         0    0.1904       338       640     0.431     0.548    0.4228    0.1491   0.07136    0.1877         0
   128/399        0G   0.06019    0.1404         0    0.2006       451       640    0.7258    0.5532    0.6318    0.2365   0.06534    0.1899         0
   129/399        0G   0.06187    0.1652         0    0.2271       639       640    0.3979    0.6723    0.4513    0.1137   0.07271    0.1836         0
   130/399        0G   0.06148    0.1417         0    0.2032       463       640    0.5992    0.6511    0.6313    0.2463   0.06336     0.187         0
   131/399        0G   0.05872    0.1675         0    0.2262       421       640    0.4642    0.5787    0.4894     0.157   0.06817    0.2055         0
   132/399        0G   0.05799    0.1462         0    0.2041       310       640    0.4748    0.6468    0.5655    0.2147   0.06458    0.1879         0
   133/399        0G    0.0627    0.1446         0    0.2073       450       640    0.5061    0.6298    0.5864    0.2092   0.06744     0.184         0
   134/399        0G   0.05642    0.1274         0    0.1838       383       640    0.5264    0.6213    0.6044     0.229   0.06391    0.1774         0
   135/399        0G   0.05764    0.1531         0    0.2108       318       640    0.4762    0.5995    0.4799    0.1499   0.06783    0.1963         0
   136/399        0G   0.05494    0.1337         0    0.1886       425       640    0.4687    0.6723    0.4992    0.1541   0.06512    0.1954         0
   137/399        0G   0.05966    0.1604         0    0.2201       503       640     0.626    0.6085    0.6144    0.2231   0.06448    0.1935         0
   138/399        0G   0.05179    0.1274         0    0.1792       394       640    0.6123    0.6936    0.6479    0.2377   0.06271    0.1826         0
   139/399        0G   0.05638    0.1298         0    0.1862       315       640    0.5511    0.5276    0.4744    0.1483   0.07128    0.1822         0
   140/399        0G   0.06033    0.1462         0    0.2065       437       640    0.7635    0.5532    0.6626    0.2497   0.06335    0.1821         0
   141/399        0G   0.05977    0.1445         0    0.2043       598       640    0.5569    0.5402    0.4894    0.1469   0.07123    0.1811         0
   142/399        0G   0.05961    0.1373         0     0.197       402       640     0.673    0.5955    0.6551    0.2473    0.0611    0.1829         0
   143/399        0G   0.05882    0.1463         0    0.2051       628       640    0.5838     0.634    0.6332    0.2148   0.06795    0.1834         0
   144/399        0G   0.05691    0.1617         0    0.2186       533       640    0.7733    0.5702    0.6782    0.2607   0.06197    0.1942         0
   145/399        0G    0.0612     0.154         0    0.2152       671       640    0.6055    0.4681    0.4834    0.1342   0.07089    0.1866         0
   146/399        0G   0.06065    0.1565         0    0.2171       481       640    0.7727    0.5532    0.6598    0.2423   0.06272    0.1895         0
   147/399        0G   0.05681     0.156         0    0.2128       495       640    0.6387    0.6169    0.6342    0.2173   0.06455    0.1972         0
   148/399        0G   0.05332    0.1441         0    0.1974       471       640    0.7135     0.583    0.6246    0.2414   0.06281    0.1859         0
   149/399        0G    0.0569    0.1739         0    0.2308       717       640    0.6969    0.5872    0.6531    0.2587   0.06187    0.1928         0
   150/399        0G   0.05253    0.1468         0    0.1993       503       640     0.751    0.6298     0.681    0.2779   0.06134    0.1851         0
   151/399        0G   0.05733    0.1426         0       0.2       337       640     0.451    0.6213     0.537    0.1939   0.06499    0.1912         0
   152/399        0G   0.05411    0.1464         0    0.2005       323       640    0.7083    0.6255    0.6476    0.2561   0.06101    0.1858         0
   153/399        0G   0.05494    0.1681         0    0.2231       462       640    0.5774    0.5489    0.5692    0.2043   0.06682    0.1989         0
   154/399        0G   0.05855    0.1398         0    0.1983       427       640    0.7376       0.6    0.6543    0.2727   0.06092    0.1822         0
   155/399        0G   0.05315    0.1227         0    0.1759       297       640    0.5219    0.6967    0.5906    0.2313   0.06422    0.1793         0
   156/399        0G   0.05201    0.1194         0    0.1715       340       640    0.5704    0.6553    0.6067    0.2412   0.06302    0.1779         0
   157/399        0G    0.0541    0.1407         0    0.1948       524       640    0.7402    0.6809    0.7073    0.2735   0.06119    0.1797         0
   158/399        0G   0.05417     0.145         0    0.1991       424       640    0.6462    0.6255    0.6469    0.2549   0.06165    0.1808         0
   159/399        0G   0.05748    0.1371         0    0.1946       415       640    0.5795    0.5806    0.5937    0.2047   0.06558    0.1804         0
   160/399        0G   0.05508    0.1511         0    0.2062       422       640    0.5827    0.7021    0.6668     0.272   0.06052    0.1857         0
   161/399        0G   0.05629     0.143         0    0.1993       535       640    0.6605    0.6126     0.647    0.2226   0.06309    0.1811         0
   162/399        0G   0.05078    0.1476         0    0.1984       538       640    0.7895    0.6382    0.7176    0.2861   0.06021    0.1846         0
   163/399        0G   0.05606    0.1269         0    0.1829       416       640    0.6495    0.6426    0.6671    0.2227    0.0673     0.179         0
   164/399        0G   0.05889     0.129         0    0.1879       350       640    0.8076    0.5957    0.7056    0.2605   0.06063    0.1846         0
   165/399        0G   0.05266    0.1296         0    0.1822       302       640    0.6589    0.6246    0.6535    0.2453   0.06329    0.1866         0
   166/399        0G   0.05376     0.132         0    0.1857       334       640    0.7584    0.6681    0.7366    0.3137   0.05898    0.1821         0
   167/399        0G   0.05264    0.1426         0    0.1952       454       640    0.7318    0.7313     0.747    0.2917   0.05895    0.1862         0
   168/399        0G   0.05137    0.1592         0    0.2106       611       640    0.7727    0.7106     0.749    0.3069   0.05736    0.1887         0
   169/399        0G   0.04694     0.125         0    0.1719       376       640    0.7433    0.7269    0.7473    0.3161   0.05798    0.1846         0
   170/399        0G   0.05079    0.1614         0    0.2122       357       640    0.7909    0.6762    0.7488    0.2866   0.05893    0.2075         0
   171/399        0G   0.04964    0.1414         0     0.191       373       640    0.7892    0.6723    0.7433    0.3117   0.05851    0.1943         0
   172/399        0G   0.04777    0.1335         0    0.1813       350       640    0.7783    0.6851    0.7353    0.3174   0.05783    0.1849         0
   173/399        0G   0.04762     0.146         0    0.1936       484       640    0.7912    0.6638    0.7305    0.3071    0.0579    0.1847         0
   174/399        0G   0.04867    0.1121         0    0.1607       382       640    0.8087    0.6681    0.7301    0.3076   0.05883    0.1835         0
   175/399        0G   0.04597    0.1331         0    0.1791       392       640    0.7756    0.6765    0.7156    0.3031   0.05768    0.1819         0
   176/399        0G   0.04998     0.149         0     0.199       508       640    0.7788    0.6894    0.7166    0.2842   0.05904    0.1865         0
   177/399        0G   0.04827    0.1394         0    0.1877       278       640    0.7664    0.6979    0.6976    0.2744   0.05871    0.1868         0
   178/399        0G   0.05016    0.1346         0    0.1847       403       640    0.7534    0.7021    0.7089    0.2871   0.05823    0.1842         0
   179/399        0G   0.04717    0.1602         0    0.2074       600       640    0.6778    0.7519    0.7195     0.291   0.05788    0.1861         0
   180/399        0G    0.0495    0.1232         0    0.1727       331       640     0.776     0.693     0.748    0.2958   0.05799    0.1865         0
   181/399        0G   0.04912     0.135         0    0.1842       327       640    0.7826    0.7064    0.7482    0.3048   0.05688    0.1881         0
   182/399        0G   0.05075    0.1438         0    0.1946       449       640    0.7706    0.7147    0.7527    0.3055   0.05804    0.1881         0
   183/399        0G   0.04802     0.134         0    0.1821       515       640    0.7451    0.6979    0.7374    0.3018   0.05772    0.1866         0
   184/399        0G   0.04746    0.1443         0    0.1917       576       640    0.7422    0.7105    0.7487    0.3094   0.05795    0.1839         0
   185/399        0G   0.05106    0.1278         0    0.1789       374       640    0.7658    0.6681    0.7078    0.2986   0.05828    0.1825         0
   186/399        0G    0.0511    0.1209         0     0.172       439       640    0.8034    0.6979    0.7643    0.3214   0.05764    0.1816         0
   187/399        0G    0.0455    0.1308         0    0.1763       375       640    0.7882    0.6979     0.767    0.3215   0.05687    0.1803         0
   188/399        0G   0.04582    0.1481         0    0.1939       448       640    0.7383    0.7447     0.765    0.3211   0.05639    0.1821         0
   189/399        0G   0.04903    0.1528         0    0.2018       352       640    0.7082    0.7787    0.7715    0.3118    0.0568     0.188         0
   190/399        0G   0.04618    0.1455         0    0.1917       503       640    0.6916    0.7061    0.7118    0.2935   0.05827    0.1879         0
   191/399        0G   0.05012     0.129         0    0.1791       488       640    0.7823    0.6881    0.7541    0.3296   0.05634    0.1834         0
   192/399        0G   0.04797    0.1638         0    0.2118       372       640    0.7615    0.6657    0.7153    0.2965   0.05821    0.1919         0
   193/399        0G    0.0492    0.1482         0    0.1974       578       640     0.821    0.6635    0.7492    0.3312   0.05638    0.1897         0
   194/399        0G    0.0495    0.1413         0    0.1908       567       640    0.7766    0.6809     0.739    0.3148    0.0588    0.1857         0
   195/399        0G   0.04809    0.1504         0    0.1985       570       640    0.8089    0.6851    0.7556    0.3243   0.05673    0.1847         0
   196/399        0G   0.04962    0.1338         0    0.1835       438       640    0.7345    0.7234    0.7469    0.3138   0.05758    0.1849         0
   197/399        0G   0.04925     0.135         0    0.1842       417       640    0.7188    0.7404    0.7498    0.3133   0.05683    0.1877         0
   198/399        0G   0.04995    0.1318         0    0.1818       446       640    0.7884    0.6975    0.7585    0.3144   0.05722    0.1875         0
   199/399        0G   0.04575    0.1253         0    0.1711       303       640    0.8005    0.6681    0.7457    0.3045   0.05793    0.1854         0
   200/399        0G   0.04855    0.1337         0    0.1823       498       640    0.8333    0.6681    0.7582    0.3322   0.05637     0.184         0
   201/399        0G   0.04755    0.1275         0    0.1751       462       640    0.8071    0.6765    0.7591    0.3222   0.05759    0.1831         0
   202/399        0G   0.04641    0.1142         0    0.1607       389       640    0.7396    0.7404    0.7499     0.308   0.05726    0.1814         0
   203/399        0G     0.044    0.1394         0    0.1834       542       640    0.7278    0.7397    0.7452    0.3189    0.0568    0.1824         0
   204/399        0G   0.04952    0.1516         0    0.2011       404       640    0.7467    0.7404    0.7494     0.297   0.05706    0.1916         0
   205/399        0G   0.04727    0.1404         0    0.1877       494       640    0.7724    0.6932    0.7266    0.3091   0.05833     0.189         0
   206/399        0G   0.05085     0.159         0    0.2099       600       640     0.766    0.7103    0.7395     0.327   0.05731     0.182         0
   207/399        0G   0.04725    0.1429         0    0.1902       514       640    0.7575    0.6936    0.7299    0.3139   0.05754    0.1903         0
   208/399        0G   0.04466    0.1579         0    0.2026       396       640    0.7767    0.6681     0.717    0.3075   0.05681    0.1991         0
   209/399        0G   0.04505    0.1196         0    0.1647       489       640    0.7555    0.7106    0.7359    0.3112   0.05738    0.1967         0
   210/399        0G   0.04737    0.1311         0    0.1785       492       640    0.7683    0.6632    0.7206    0.3042   0.05721     0.193         0
   211/399        0G   0.04873    0.1261         0    0.1748       370       640    0.7758    0.6638    0.7316    0.3158   0.05634    0.1939         0
   212/399        0G   0.05098    0.1411         0     0.192       532       640    0.7143    0.7021    0.7254    0.2846    0.0586    0.1926         0
   213/399        0G   0.05003    0.1274         0    0.1774       399       640    0.7609    0.7042    0.7343    0.3007   0.05764    0.1894         0
   214/399        0G    0.0435    0.1448         0    0.1883       387       640    0.7614    0.7064    0.7321    0.3104   0.05722    0.1911         0
   215/399        0G    0.0469    0.1279         0    0.1748       482       640     0.802    0.6721    0.7368    0.3182   0.05732    0.1894         0
   216/399        0G   0.04753    0.1193         0    0.1668       306       640    0.7862    0.6766    0.7352    0.3233   0.05641    0.1899         0
   217/399        0G   0.04919    0.1448         0     0.194       463       640    0.7248    0.7191    0.7322     0.302   0.05795    0.1898         0
   218/399        0G   0.04817    0.1357         0    0.1839       394       640    0.7348    0.7191      0.72    0.3113   0.05759    0.1893         0
   219/399        0G   0.04578    0.1314         0    0.1772       405       640    0.7813    0.7144    0.7635    0.3414   0.05605    0.1812         0
   220/399        0G   0.04468     0.119         0    0.1637       384       640     0.743    0.7532    0.7645    0.3415   0.05617    0.1791         0
   221/399        0G   0.04611    0.1212         0    0.1673       324       640    0.7788    0.7149    0.7485    0.3225    0.0568    0.1821         0
   222/399        0G   0.04678    0.1397         0    0.1865       420       640    0.7808    0.7274    0.7501     0.319   0.05614    0.1883         0
   223/399        0G   0.04792    0.1269         0    0.1749       544       640    0.7669    0.7149    0.7376     0.315   0.05636    0.1877         0
   224/399        0G   0.04931     0.156         0    0.2053       626       640    0.7477     0.719    0.7349    0.3141   0.05611    0.1941         0
   225/399        0G   0.04831    0.1313         0    0.1797       516       640     0.727    0.6809    0.7038    0.2679   0.05862    0.1904         0
   226/399        0G   0.04842    0.1386         0     0.187       462       640    0.7969    0.6851    0.7448     0.306   0.05687    0.1927         0
   227/399        0G   0.04677    0.1365         0    0.1833       371       640    0.7454    0.7106    0.7311    0.3082   0.05636    0.1928         0
   228/399        0G   0.04419    0.1404         0    0.1846       458       640    0.7488    0.7232    0.7457    0.3217   0.05643    0.1906         0
   229/399        0G    0.0467    0.1169         0    0.1636       370       640    0.8072    0.6592    0.7388    0.3175   0.05659    0.1872         0
   230/399        0G   0.04678    0.1549         0    0.2017       430       640    0.7681     0.719    0.7545    0.3251   0.05603    0.1965         0
   231/399        0G   0.04603    0.1156         0    0.1616       247       640    0.8053    0.6936    0.7403    0.3189   0.05682    0.1992         0
   232/399        0G   0.04427    0.1307         0    0.1749       444       640    0.7825    0.6889    0.7316    0.3129    0.0563    0.1973         0
   233/399        0G   0.04221     0.135         0    0.1772       380       640     0.735    0.7317    0.7383    0.3243   0.05641    0.1978         0
   234/399        0G    0.0457    0.1412         0    0.1869       503       640    0.7517    0.7234     0.752    0.3245   0.05698     0.192         0
   235/399        0G   0.04739    0.1285         0    0.1759       495       640     0.757    0.6892    0.7355    0.3094   0.05791    0.1896         0
   236/399        0G   0.04705    0.1343         0    0.1814       450       640    0.7728    0.7106    0.7491    0.3168   0.05665     0.185         0
   237/399        0G    0.0464    0.1258         0    0.1721       471       640    0.7572    0.7447     0.753    0.3172   0.05709    0.1808         0
   238/399        0G   0.04316    0.1431         0    0.1862       470       640    0.7828    0.7064    0.7471    0.3196   0.05788    0.1817         0
   239/399        0G    0.0451    0.1139         0    0.1589       378       640    0.7877    0.7104    0.7538    0.3163   0.05646    0.1832         0
   240/399        0G   0.04919     0.147         0    0.1962       654       640    0.7784    0.7476    0.7671    0.3113   0.05709    0.1825         0
   241/399        0G   0.04646    0.1487         0    0.1952       557       640     0.749    0.7532    0.7501    0.3104   0.05637    0.1839         0
   242/399        0G   0.04587    0.1339         0    0.1798       417       640       0.8    0.6979    0.7602    0.3248   0.05604    0.1864         0
   243/399        0G   0.04732     0.132         0    0.1793       416       640    0.7539    0.7574    0.7558    0.3297   0.05613    0.1851         0
   244/399        0G   0.04766    0.1407         0    0.1884       489       640    0.7486    0.7729    0.7607    0.3143   0.05679    0.1856         0
   245/399        0G   0.04609    0.1381         0    0.1842       538       640    0.7763    0.7106    0.7478     0.317   0.05658    0.1852         0
   246/399        0G   0.04537    0.1216         0    0.1669       406       640    0.7404    0.7526    0.7609    0.3076   0.05775    0.1829         0
   247/399        0G   0.04288    0.1243         0    0.1672       365       640    0.7422    0.7489    0.7499    0.3158   0.05671    0.1827         0
   248/399        0G   0.04417    0.1165         0    0.1607       401       640    0.7395    0.7489     0.765    0.3174   0.05648    0.1835         0
   249/399        0G   0.04407    0.1266         0    0.1706       459       640    0.7573    0.7569    0.7729    0.3145    0.0562    0.1884         0
   250/399        0G   0.04511    0.1403         0    0.1854       353       640    0.7685    0.7488    0.7648    0.3182   0.05659    0.1906         0
   251/399        0G   0.04654    0.1472         0    0.1937       481       640    0.7779    0.7319    0.7627    0.3218   0.05565    0.1897         0
   252/399        0G   0.04501    0.1168         0    0.1618       368       640    0.7585    0.7483    0.7585    0.3326   0.05605    0.1808         0
   253/399        0G   0.04824    0.1498         0    0.1981       563       640    0.7829    0.7059    0.7438    0.3244   0.05667     0.178         0
   254/399        0G   0.04632    0.1381         0    0.1844       490       640    0.8321    0.6766    0.7682    0.3268   0.05615    0.1817         0
   255/399        0G   0.04644    0.1407         0    0.1871       584       640    0.7599    0.6894    0.7147    0.2855   0.05764    0.1892         0
   256/399        0G   0.04436    0.1259         0    0.1703       335       640    0.8097    0.6553    0.7264    0.3053   0.05744    0.1899         0
   257/399        0G   0.04895    0.1312         0    0.1801       472       640    0.7742    0.6565    0.7038    0.2786   0.05995    0.1903         0
   258/399        0G   0.04792    0.1367         0    0.1847       464       640    0.7922     0.634    0.7109    0.3088   0.05761      0.19         0
   259/399        0G   0.04721    0.1175         0    0.1647       442       640    0.7784    0.6894     0.717    0.2894   0.05848    0.1865         0
   260/399        0G   0.04719    0.1356         0    0.1828       511       640    0.7587    0.6851    0.7134    0.2972   0.05819    0.1884         0
   261/399        0G   0.04373    0.1256         0    0.1694       458       640    0.7589    0.6851    0.7099    0.2982   0.05771     0.189         0
   262/399        0G     0.044    0.1037         0    0.1477       276       640    0.7832    0.6764    0.7186    0.2917   0.05722    0.1887         0
   263/399        0G   0.04485    0.1336         0    0.1785       462       640    0.7899    0.6721    0.7244    0.2985   0.05734    0.1884         0
   264/399        0G   0.04577    0.1243         0    0.1701       473       640      0.79    0.6722    0.7295     0.304   0.05708    0.1877         0
   265/399        0G   0.04579    0.1287         0    0.1745       496       640    0.8204    0.6803    0.7377    0.3035   0.05809    0.1888         0
   266/399        0G   0.04873    0.1255         0    0.1742       411       640     0.796    0.6979    0.7385    0.3174   0.05704    0.1877         0
   267/399        0G   0.04674    0.1263         0    0.1731       538       640    0.7666    0.6851    0.7252    0.3044    0.0577    0.1881         0
   268/399        0G   0.04943    0.1322         0    0.1816       463       640    0.7765    0.7191    0.7412    0.3214   0.05687    0.1903         0
   269/399        0G   0.04617    0.1582         0    0.2044       617       640    0.7867    0.7064    0.7241    0.2922   0.05807    0.1963         0
   270/399        0G   0.04444    0.1279         0    0.1724       421       640    0.7638    0.7319    0.7561    0.3345   0.05603    0.1931         0
   271/399        0G   0.04587      0.12         0    0.1659       410       640    0.7307    0.7064     0.709     0.306   0.05688    0.1915         0
   272/399        0G   0.04527    0.1357         0     0.181       490       640    0.7815    0.7021     0.739     0.331   0.05574    0.1915         0
   273/399        0G   0.04833    0.1337         0     0.182       487       640       0.8    0.7148    0.7484    0.3103   0.05684    0.1935         0
   274/399        0G   0.04647    0.1321         0    0.1786       410       640    0.7925    0.7315    0.7523    0.3256   0.05575    0.1948         0
   275/399        0G   0.04303    0.1275         0    0.1706       355       640    0.7595    0.7447    0.7471    0.3211   0.05567    0.1941         0
   276/399        0G   0.04339    0.1281         0    0.1715       437       640    0.7647    0.7404    0.7444    0.3083   0.05626      0.19         0
   277/399        0G   0.04558    0.1418         0    0.1874       385       640    0.7758    0.7361    0.7565     0.325   0.05534     0.192         0
   278/399        0G   0.04194    0.1475         0    0.1894       538       640    0.6862    0.6809    0.6825    0.2655   0.05975    0.1993         0
   279/399        0G   0.05361      0.13         0    0.1836       410       640    0.6862    0.6809    0.6825    0.2655   0.05975    0.1993         0
   280/399        0G   0.04915    0.1333         0    0.1825       491       640    0.7729    0.6805    0.7261    0.3046   0.05729    0.1978         0
   281/399        0G   0.04784    0.1223         0    0.1701       406       640    0.7811    0.6681    0.7278     0.297   0.05812    0.1937         0
   282/399        0G   0.05509    0.1345         0    0.1896       530       640     0.694    0.6467    0.6525    0.2357   0.06329    0.1961         0
   283/399        0G   0.05472    0.1133         0     0.168       354       640     0.694    0.6467    0.6525    0.2357   0.06329    0.1961         0
   284/399        0G    0.0552    0.1447         0    0.1999       435       640    0.6879    0.7064     0.681    0.2615   0.06429    0.1957         0
   285/399        0G   0.04962     0.128         0    0.1777       390       640    0.7617    0.7106    0.7192    0.2955   0.05903    0.1969         0
   286/399        0G   0.04696    0.1139         0    0.1608       338       640    0.5279    0.5995    0.5844    0.2037   0.06417    0.1857         0
   287/399        0G    0.0574    0.1218         0    0.1792       451       640    0.5279    0.5995    0.5844    0.2037   0.06417    0.1857         0
   288/399        0G   0.05483    0.1479         0    0.2027       639       640    0.6853    0.5064    0.6086    0.2263   0.06343    0.1809         0
   289/399        0G   0.05256    0.1243         0    0.1768       463       640    0.7948    0.6592    0.7211    0.2736    0.0601     0.184         0
   290/399        0G   0.05056     0.148         0    0.1985       421       640    0.6357    0.6553    0.6766      0.26   0.06228    0.1914         0
   291/399        0G   0.05689     0.133         0    0.1899       310       640    0.6357    0.6553    0.6766      0.26   0.06228    0.1914         0
   292/399        0G   0.05712    0.1298         0    0.1869       450       640    0.5811    0.6553    0.6161    0.2211   0.06279    0.1913         0
   293/399        0G   0.05072    0.1159         0    0.1667       383       640    0.7439    0.7191    0.7431    0.2976   0.05898    0.1818         0
   294/399        0G   0.04979    0.1369         0    0.1867       318       640    0.7593    0.6723    0.7059    0.2648    0.0582    0.1891         0
   295/399        0G   0.04784    0.1189         0    0.1667       425       640    0.7593    0.6723    0.7059    0.2648    0.0582    0.1891         0
   296/399        0G   0.04862    0.1427         0    0.1913       503       640    0.8052    0.7064    0.7504    0.3047   0.05704    0.1924         0
   297/399        0G   0.04404    0.1125         0    0.1565       394       640    0.7737    0.6809     0.729    0.2974   0.05818    0.1868         0
   298/399        0G    0.0459    0.1175         0    0.1634       315       640    0.7121    0.6681    0.6917    0.2468   0.05922    0.1884         0
   299/399        0G   0.05297    0.1324         0    0.1854       437       640    0.7121    0.6681    0.6917    0.2468   0.05922    0.1884         0
   300/399        0G   0.04877    0.1332         0    0.1819       598       640    0.7214    0.7064    0.7225    0.2752   0.05878    0.1889         0
   301/399        0G   0.04622    0.1208         0     0.167       402       640    0.7909     0.676    0.7131    0.2823   0.05976    0.1891         0
   302/399        0G   0.05098    0.1324         0    0.1834       628       640    0.6182    0.6894    0.6479    0.2632   0.05957    0.1931         0
   303/399        0G     0.053    0.1461         0    0.1991       533       640    0.6182    0.6894    0.6479    0.2632   0.05957    0.1931         0
   304/399        0G   0.04985    0.1373         0    0.1871       671       640    0.7433    0.7147    0.7203     0.299   0.05808    0.1926         0
   305/399        0G   0.04642    0.1392         0    0.1856       481       640    0.6542    0.6681    0.6589    0.2704   0.05905    0.1966         0
   306/399        0G   0.05003    0.1387         0    0.1888       495       640    0.7077    0.6638    0.7095    0.2887   0.05931    0.1916         0
   307/399        0G   0.05168    0.1293         0     0.181       471       640    0.7077    0.6638    0.7095    0.2887   0.05931    0.1916         0
   308/399        0G   0.05107    0.1603         0    0.2114       717       640    0.7196    0.6426     0.706    0.3102   0.05882    0.1895         0
   309/399        0G   0.04714     0.132         0    0.1791       503       640    0.7566    0.7011    0.7361    0.3076   0.05696    0.1929         0
   310/399        0G   0.04808    0.1299         0     0.178       337       640      0.76    0.6894    0.7405     0.307   0.05941     0.194         0
   311/399        0G   0.05337     0.134         0    0.1874       323       640      0.76    0.6894    0.7405     0.307   0.05941     0.194         0
   312/399        0G   0.04619    0.1491         0    0.1953       462       640    0.7748    0.7318    0.7532    0.3194   0.05713    0.1946         0
   313/399        0G     0.048    0.1242         0    0.1722       427       640    0.7611    0.7064    0.7285    0.2946   0.05852    0.1929         0
   314/399        0G   0.04572    0.1099         0    0.1556       297       640    0.7268    0.6468    0.6944     0.292   0.05829    0.1932         0
   315/399        0G    0.0474     0.106         0    0.1534       340       640    0.7268    0.6468    0.6944     0.292   0.05829    0.1932         0
   316/399        0G   0.04608    0.1266         0    0.1727       524       640     0.737    0.6201    0.6898    0.2982   0.05869    0.1912         0
   317/399        0G   0.04815    0.1304         0    0.1786       424       640    0.7662    0.6971    0.7428     0.315   0.05757    0.1868         0
   318/399        0G    0.0459    0.1257         0    0.1716       557       640    0.7335    0.7149    0.7203    0.3132   0.05839    0.1941         0
   319/399        0G    0.0496    0.1328         0    0.1824       390       640    0.7335    0.7149    0.7203    0.3132   0.05839    0.1941         0
   320/399        0G   0.04823    0.1323         0    0.1805       561       640    0.7297    0.7149    0.7213    0.3028   0.05763    0.1964         0
   321/399        0G   0.04848    0.1396         0    0.1881       331       640    0.7387    0.7219    0.7311    0.2886   0.05766    0.1976         0
   322/399        0G   0.04794    0.1158         0    0.1637       422       640      0.75    0.7021    0.7283     0.294   0.05919    0.1918         0
   323/399        0G   0.05145    0.1481         0    0.1995       630       640      0.75    0.7021    0.7283     0.294   0.05919    0.1918         0
   324/399        0G   0.04376    0.1219         0    0.1656       374       640    0.7969     0.651    0.7176     0.293   0.05925    0.1919         0
   325/399        0G   0.04782    0.1516         0    0.1994       484       640    0.7311    0.7532    0.7397    0.3049   0.05674    0.1956         0
   326/399        0G   0.04935    0.1488         0    0.1982       491       640    0.7978    0.6979    0.7361    0.2947    0.0584    0.2018         0
   327/399        0G   0.04906    0.1299         0     0.179       399       640    0.7978    0.6979    0.7361    0.2947    0.0584    0.2018         0
   328/399        0G   0.04687    0.1259         0    0.1727       591       640    0.7858    0.6936    0.7308    0.2939   0.05895     0.202         0
   329/399        0G   0.04573    0.1264         0    0.1721       482       640    0.7499    0.7402     0.749    0.3079   0.05672    0.1961         0
   330/399        0G   0.04464     0.134         0    0.1787       346       640    0.6639    0.7397    0.6945    0.2734   0.05899    0.1973         0
   331/399        0G   0.04599    0.1213         0    0.1673       471       640    0.6639    0.7397    0.6945    0.2734   0.05899    0.1973         0
   332/399        0G   0.04702    0.1267         0    0.1738       417       640    0.7317    0.6511    0.7092    0.2997     0.059    0.1972         0
   333/399        0G   0.04525    0.1263         0    0.1715       359       640    0.7687    0.6936    0.7352     0.318   0.05711    0.1958         0
   334/399        0G   0.04479    0.1332         0     0.178       487       640    0.7276    0.6935    0.7035     0.282   0.05832     0.201         0
   335/399        0G   0.04698    0.1238         0    0.1708       439       640    0.7276    0.6935    0.7035     0.282   0.05832     0.201         0
   336/399        0G   0.04373    0.1133         0     0.157       383       640    0.7473    0.6936    0.7094    0.2932   0.05786    0.2008         0
   337/399        0G   0.04294     0.141         0    0.1839       441       640    0.7899    0.7064     0.734    0.3147   0.05684     0.202         0
   338/399        0G    0.0475    0.1309         0    0.1784       599       640     0.789    0.6851    0.7385    0.3172   0.05825    0.1998         0
   339/399        0G   0.04828     0.125         0    0.1733       479       640     0.789    0.6851    0.7385    0.3172   0.05825    0.1998         0
   340/399        0G   0.04445     0.129         0    0.1735       427       640    0.8128    0.6851    0.7414    0.3211   0.05709    0.1984         0
   341/399        0G   0.04219    0.1301         0    0.1723       424       640    0.8163    0.6894    0.7406    0.3263   0.05685    0.1981         0
   342/399        0G   0.04627    0.1196         0    0.1659       426       640    0.7721    0.7106    0.7419    0.3133    0.0572    0.1984         0
   343/399        0G   0.04644    0.1207         0    0.1671       335       640    0.7721    0.7106    0.7419    0.3133    0.0572    0.1984         0
   344/399        0G   0.04468    0.1358         0    0.1805       499       640    0.7819    0.7021    0.7412    0.3138   0.05687    0.1976         0
   345/399        0G   0.04378    0.1177         0    0.1614       552       640      0.82    0.6978     0.738    0.3258   0.05604    0.1955         0
   346/399        0G   0.04425    0.1193         0    0.1636       457       640    0.8018     0.706    0.7414    0.3136   0.05638    0.1972         0
   347/399        0G   0.04642    0.1383         0    0.1847       595       640    0.8018     0.706    0.7414    0.3136   0.05638    0.1972         0
   348/399        0G   0.04605    0.1315         0    0.1776       547       640    0.8018    0.7064     0.743    0.3211   0.05596     0.196         0
   349/399        0G   0.04383     0.117         0    0.1608       526       640    0.8058    0.7062    0.7332    0.3108   0.05645    0.1976         0
   350/399        0G   0.04481    0.1219         0    0.1667       444       640    0.8217    0.6894    0.7425    0.3181   0.05625    0.1988         0
   351/399        0G   0.04477    0.1241         0    0.1689       482       640    0.8217    0.6894    0.7425    0.3181   0.05625    0.1988         0
   352/399        0G   0.04387    0.1323         0    0.1762       335       640    0.8188    0.6936    0.7443    0.3192   0.05613    0.2013         0
   353/399        0G   0.04284     0.133         0    0.1758       594       640    0.8128     0.702    0.7533    0.3186   0.05609    0.1982         0
   354/399        0G   0.04294    0.1276         0    0.1705       490       640    0.7562    0.7532    0.7522    0.3228   0.05624    0.1973         0
   355/399        0G   0.04597    0.1404         0    0.1864       420       640    0.7562    0.7532    0.7522    0.3228   0.05624    0.1973         0
   356/399        0G   0.04199    0.1171         0    0.1591       412       640    0.7488    0.7485    0.7484    0.3249   0.05587    0.1949         0
   357/399        0G   0.04021    0.1119         0    0.1521       312       640    0.7866    0.7058    0.7536     0.331   0.05594    0.1914         0
   358/399        0G   0.04369    0.1294         0    0.1731       404       640    0.8094    0.6936    0.7421    0.3241   0.05698    0.1966         0
   359/399        0G   0.04604    0.1304         0    0.1764       421       640    0.8094    0.6936    0.7421    0.3241   0.05698    0.1966         0
   360/399        0G   0.04361    0.1248         0    0.1684       519       640    0.7828    0.7054    0.7399    0.3256   0.05657    0.1966         0
   361/399        0G   0.04414    0.1216         0    0.1657       519       640    0.8323    0.6967    0.7529    0.3217   0.05649    0.1925         0
   362/399        0G   0.04383    0.1149         0    0.1587       321       640    0.7889    0.6723    0.7195    0.3126   0.05711    0.1931         0
   363/399        0G   0.04458    0.1184         0     0.163       352       640    0.7889    0.6723    0.7195    0.3126   0.05711    0.1931         0
   364/399        0G   0.04353    0.1351         0    0.1786       690       640    0.7728    0.6723    0.7204    0.3002   0.05733    0.1946         0
   365/399        0G   0.04186    0.1202         0    0.1621       387       640    0.7808    0.6979     0.736    0.3352   0.05579     0.195         0
   366/399        0G   0.04456    0.1141         0    0.1587       446       640    0.7851    0.6979     0.737    0.3232   0.05726    0.1961         0
   367/399        0G     0.043    0.1067         0    0.1497       340       640    0.7851    0.6979     0.737    0.3232   0.05726    0.1961         0
   368/399        0G   0.04112    0.1235         0    0.1647       322       640    0.7793    0.6851    0.7346    0.3289   0.05687    0.1964         0
   369/399        0G   0.04219    0.1193         0    0.1615       485       640    0.7848    0.7149     0.757    0.3401   0.05581    0.1958         0
   370/399        0G   0.03851     0.112         0    0.1506       349       640    0.7498    0.7277    0.7496    0.3194   0.05728    0.1973         0
   371/399        0G   0.04411    0.1153         0    0.1594       385       640    0.7498    0.7277    0.7496    0.3194   0.05728    0.1973         0
   372/399        0G   0.04099     0.109         0      0.15       412       640    0.8086    0.6831    0.7478    0.3229   0.05694     0.198         0
   373/399        0G   0.04386    0.1345         0    0.1783       540       640    0.8219    0.6875    0.7583    0.3345   0.05631    0.1949         0
   374/399        0G   0.04397    0.1242         0    0.1682       291       640    0.7846    0.6975    0.7431    0.3048   0.05798    0.1992         0
   375/399        0G   0.04723    0.1194         0    0.1666       358       640    0.7846    0.6975    0.7431    0.3048   0.05798    0.1992         0
   376/399        0G   0.04481    0.1464         0    0.1912       627       640    0.7702    0.7319    0.7602    0.3183   0.05791    0.1979         0
   377/399        0G   0.04409    0.1101         0    0.1542       305       640    0.7606    0.7438    0.7644    0.3377   0.05554    0.1938         0
   378/399        0G    0.0433    0.1157         0     0.159       233       640    0.7511    0.7191    0.7311    0.3028   0.05711    0.1952         0
   379/399        0G   0.04436    0.1345         0    0.1788       560       640    0.7511    0.7191    0.7311    0.3028   0.05711    0.1952         0
   380/399        0G   0.04261    0.1298         0    0.1724       450       640    0.7433    0.7149    0.7247    0.3016   0.05685    0.1946         0
   381/399        0G   0.03953    0.1109         0    0.1504       454       640    0.8158    0.6809    0.7414    0.3282   0.05581    0.1945         0
   382/399        0G   0.04069    0.1021         0    0.1428       274       640    0.7979    0.6721    0.7231    0.3151   0.05706    0.1943         0
   383/399        0G   0.04313    0.1145         0    0.1577       426       640    0.7979    0.6721    0.7231    0.3151   0.05706    0.1943         0
   384/399        0G   0.04047    0.1155         0     0.156       511       640     0.788    0.6979    0.7357    0.3184   0.05726    0.1954         0
   385/399        0G   0.04228    0.1129         0    0.1552       472       640    0.7489    0.7361    0.7454    0.3204   0.05663    0.1964         0
   386/399        0G   0.04201    0.1107         0    0.1527       467       640    0.7934    0.7234    0.7479    0.3188   0.05712    0.1992         0
   387/399        0G   0.04197    0.1184         0    0.1604       507       640    0.7934    0.7234    0.7479    0.3188   0.05712    0.1992         0
   388/399        0G   0.04317    0.1175         0    0.1606       432       640    0.7949    0.7106    0.7463      0.32   0.05669    0.2004         0
   389/399        0G   0.04411    0.1213         0    0.1654       556       640    0.8362    0.6979    0.7601    0.3296    0.0561    0.1976         0
   390/399        0G   0.04606     0.119         0     0.165       406       640    0.8249    0.6851    0.7493    0.3324   0.05633    0.1974         0
   391/399        0G    0.0408    0.1262         0     0.167       499       640    0.8249    0.6851    0.7493    0.3324   0.05633    0.1974         0
   392/399        0G   0.04276    0.1168         0    0.1596       617       640    0.7509    0.7447    0.7582    0.3383   0.05625    0.1968         0
   393/399        0G   0.04415    0.1301         0    0.1742       544       640    0.8397    0.6936     0.755    0.3402   0.05618    0.1922         0
   394/399        0G   0.04173    0.1306         0    0.1724       491       640    0.7905    0.7064    0.7482    0.3433   0.05602    0.1949         0
   395/399        0G   0.04203    0.1278         0    0.1698       576       640    0.7905    0.7064    0.7482    0.3433   0.05602    0.1949         0
   396/399        0G   0.04266    0.1183         0     0.161       419       640    0.8058    0.7062    0.7501    0.3382   0.05619    0.1949         0
   397/399        0G   0.04185    0.1275         0    0.1694       566       640    0.7959    0.6969    0.7424    0.3369   0.05601    0.1969         0
   398/399        0G    0.0391    0.1156         0    0.1547       389       640    0.8208    0.6894    0.7491    0.3346   0.05634    0.1974         0
   399/399        0G   0.04002    0.1297         0    0.1697       420       640    0.8208    0.6894    0.7491    0.3346   0.05634    0.1974         0
