0 0.061719 0.355903 0.122396 0.120139
0 0.024219 0.200000 0.045312 0.054167
0 0.044792 0.231250 0.088542 0.102778
0 0.059115 0.232639 0.101562 0.088889
0 0.109115 0.227778 0.097396 0.083333
0 0.162240 0.227778 0.082812 0.081944
0 0.214062 0.218403 0.079167 0.071528
0 0.270313 0.224653 0.061458 0.077083
0 0.318490 0.227431 0.067187 0.093750
0 0.373437 0.217014 0.053125 0.071528
0 0.422917 0.220139 0.054167 0.091667
0 0.476042 0.218056 0.060417 0.083333
0 0.525521 0.215278 0.062500 0.075000
0 0.574740 0.214931 0.069271 0.071528
0 0.624740 0.211806 0.074479 0.065278
0 0.671094 0.212153 0.081771 0.075694
0 0.710417 0.205903 0.086458 0.056250
0 0.761719 0.207292 0.108854 0.061806
0 0.808594 0.210417 0.117188 0.068056
0 0.872917 0.201389 0.090625 0.061111
0 0.925521 0.201389 0.077083 0.050000
0 0.959375 0.202431 0.081250 0.067361
0 0.133333 0.274306 0.139583 0.087500
0 0.209115 0.274653 0.119271 0.097917
0 0.281510 0.284028 0.098437 0.104167
0 0.358594 0.272917 0.089063 0.090278
0 0.442969 0.280903 0.082812 0.106250
0 0.517969 0.284375 0.092188 0.127083
0 0.593490 0.274653 0.111979 0.102083
0 0.663021 0.271528 0.121875 0.097222
0 0.736719 0.267014 0.124479 0.095139
0 0.805208 0.268403 0.140625 0.093750
0 0.869792 0.259375 0.148958 0.089583
0 0.964063 0.257639 0.070833 0.062500
0 0.102344 0.400000 0.201563 0.212500
0 0.215365 0.402778 0.190104 0.229167
0 0.324219 0.391667 0.151562 0.211111
0 0.435417 0.385764 0.131250 0.206250
0 0.567969 0.384028 0.128646 0.211111
0 0.671094 0.394792 0.163021 0.236806
0 0.768490 0.376389 0.201563 0.205556
0 0.875260 0.379514 0.224479 0.221528
0 0.038542 0.537500 0.073958 0.122222
0 0.132292 0.530903 0.103125 0.132639
0 0.263021 0.521181 0.116667 0.143750
0 0.377344 0.523264 0.109896 0.132639
0 0.497135 0.520139 0.099479 0.137500
0 0.622917 0.527778 0.112500 0.145833
0 0.742969 0.520139 0.123438 0.138889
0 0.862240 0.503125 0.110937 0.131250
0 0.957812 0.504514 0.083333 0.138194
0 0.680990 0.624306 0.126562 0.150000
0 0.788802 0.624653 0.092188 0.149306
0 0.553385 0.634028 0.121354 0.158333
0 0.447917 0.642014 0.132292 0.156250
0 0.326042 0.635764 0.126042 0.140972
0 0.204948 0.634028 0.125521 0.126389
0 0.080208 0.757292 0.158333 0.485417
0 0.131771 0.806250 0.253125 0.387500
0 0.226823 0.846528 0.171354 0.306944
0 0.327865 0.846875 0.118229 0.306250
0 0.437500 0.843403 0.103125 0.313194
0 0.580990 0.828125 0.157812 0.343750
0 0.718490 0.827431 0.210938 0.345139
0 0.855469 0.826042 0.278646 0.345139
0 0.887240 0.788889 0.225521 0.422222
0 0.942448 0.623264 0.115104 0.184028
