0 0.790000 0.656667 0.420000 0.644000
0 0.491333 0.575333 0.364000 0.478667
0 0.250667 0.533333 0.221333 0.365333
0 0.084000 0.500667 0.120000 0.297333
0 0.334000 0.275333 0.532000 0.292000
0 0.041333 0.295333 0.077333 0.220000
0 0.016000 0.511333 0.029333 0.190667
0 0.048667 0.161333 0.089333 0.053333
0 0.913333 0.204000 0.173333 0.304000
0 0.736667 0.227333 0.196000 0.249333
0 0.590000 0.250000 0.108000 0.206667
0 0.979333 0.026000 0.041333 0.049333
0 0.844000 0.064667 0.240000 0.124000
0 0.648000 0.080000 0.170667 0.157333
0 0.504000 0.090000 0.138667 0.177333
0 0.383333 0.102667 0.113333 0.138667
0 0.288667 0.111333 0.092000 0.100000
0 0.220000 0.124667 0.050667 0.057333
0 0.166667 0.132667 0.050667 0.030667
