0 0.119000 0.273000 0.178000 0.198000
0 0.262000 0.186000 0.156000 0.132000
0 0.376000 0.137000 0.128000 0.122000
0 0.483000 0.108000 0.142000 0.124000
0 0.041000 0.452000 0.078000 0.152000
0 0.128000 0.377000 0.168000 0.130000
0 0.267000 0.309000 0.130000 0.122000
0 0.389000 0.258000 0.114000 0.124000
0 0.475000 0.222000 0.102000 0.116000
0 0.594000 0.167000 0.096000 0.114000
0 0.040000 0.609000 0.076000 0.166000
0 0.134000 0.520000 0.152000 0.144000
0 0.264000 0.441000 0.144000 0.134000
0 0.388000 0.387000 0.120000 0.130000
0 0.499000 0.335000 0.110000 0.126000
0 0.573000 0.270000 0.094000 0.120000
0 0.666000 0.230000 0.092000 0.108000
0 0.739000 0.283000 0.098000 0.102000
0 0.655000 0.327000 0.090000 0.102000
0 0.585000 0.379000 0.090000 0.106000
0 0.480000 0.450000 0.100000 0.108000
0 0.387000 0.485000 0.122000 0.074000
0 0.182000 0.754000 0.324000 0.300000
0 0.053000 0.856000 0.102000 0.288000
0 0.342000 0.623000 0.360000 0.234000
0 0.217000 0.943000 0.254000 0.114000
0 0.427000 0.867000 0.218000 0.266000
0 0.598000 0.721000 0.196000 0.238000
0 0.665000 0.602000 0.374000 0.216000
0 0.743000 0.500000 0.434000 0.184000
0 0.805000 0.418000 0.390000 0.184000
0 0.840000 0.330000 0.320000 0.120000
0 0.882000 0.285000 0.236000 0.102000
0 0.705000 0.141000 0.174000 0.114000
0 0.823000 0.062000 0.118000 0.084000
0 0.821000 0.108000 0.254000 0.168000
0 0.822000 0.169000 0.248000 0.134000
0 0.824000 0.225000 0.236000 0.090000
0 0.970000 0.107000 0.056000 0.074000
0 0.961000 0.179000 0.046000 0.070000
0 0.957000 0.239000 0.050000 0.038000
0 0.990000 0.218000 0.016000 0.056000
0 0.975000 0.065000 0.050000 0.050000
