0 0.183000 0.462667 0.174000 0.226667
0 0.348000 0.457333 0.168000 0.226667
0 0.528000 0.449333 0.176000 0.226667
0 0.725000 0.434667 0.186000 0.234667
0 0.909000 0.449333 0.178000 0.248000
0 0.084000 0.616000 0.144000 0.186667
0 0.263000 0.626667 0.150000 0.186667
0 0.440000 0.626667 0.148000 0.197333
0 0.631000 0.617333 0.162000 0.194667
0 0.818000 0.626667 0.168000 0.208000
0 0.948000 0.644000 0.104000 0.162667
0 0.039000 0.785333 0.074000 0.232000
0 0.162000 0.797333 0.168000 0.250667
0 0.344000 0.797333 0.164000 0.234667
0 0.535000 0.801333 0.186000 0.248000
0 0.725000 0.810667 0.190000 0.261333
0 0.912000 0.825333 0.176000 0.274667
