0 0.445385 0.449000 0.056923 0.042000
0 0.459231 0.491000 0.056923 0.042000
0 0.416923 0.484000 0.021538 0.036000
0 0.468462 0.526000 0.056923 0.036000
0 0.427692 0.523000 0.021538 0.034000
0 0.407692 0.523000 0.018462 0.034000
0 0.506923 0.455000 0.050769 0.038000
0 0.513846 0.491000 0.049231 0.034000
0 0.523077 0.527000 0.052308 0.034000
0 0.570000 0.459000 0.050769 0.038000
0 0.592308 0.498000 0.058462 0.040000
0 0.599231 0.532000 0.069231 0.040000
0 0.623077 0.464000 0.030769 0.036000
0 0.634615 0.497000 0.029231 0.030000
0 0.645385 0.530000 0.029231 0.036000
0 0.535385 0.456000 0.015385 0.028000
0 0.546154 0.491000 0.021538 0.030000
0 0.555385 0.533000 0.024615 0.038000
0 0.548462 0.612000 0.072308 0.072000
0 0.505385 0.607000 0.020000 0.062000
0 0.636923 0.612000 0.073846 0.072000
0 0.693846 0.612000 0.061538 0.068000
0 0.763846 0.602000 0.056923 0.060000
0 0.797692 0.594000 0.020000 0.048000
0 0.820000 0.592000 0.024615 0.040000
0 0.843077 0.588000 0.030769 0.048000
0 0.862308 0.579000 0.026154 0.034000
0 0.882308 0.579000 0.013846 0.034000
0 0.592308 0.610000 0.021538 0.068000
0 0.790769 0.548000 0.033846 0.020000
0 0.758462 0.545000 0.030769 0.018000
0 0.729231 0.542000 0.021538 0.016000
0 0.704615 0.541000 0.027692 0.014000
0 0.906923 0.790000 0.186154 0.312000
0 0.946154 0.650000 0.107692 0.048000
0 0.974615 0.632000 0.050769 0.028000
