0 0.333077 0.716000 0.269231 0.300000
0 0.033846 0.540000 0.064615 0.084000
0 0.120000 0.520000 0.070769 0.068000
0 0.168462 0.507000 0.060000 0.054000
0 0.207692 0.493000 0.033846 0.046000
0 0.231538 0.479000 0.032308 0.038000
0 0.252308 0.480000 0.021538 0.036000
0 0.605385 0.348000 0.066154 0.044000
0 0.610000 0.389000 0.069231 0.042000
0 0.610000 0.448000 0.078462 0.072000
0 0.470000 0.446000 0.050769 0.036000
0 0.384615 0.654000 0.206154 0.228000
0 0.607692 0.736000 0.249231 0.316000
0 0.610769 0.589000 0.196923 0.078000
0 0.424615 0.554000 0.163077 0.076000
0 0.596154 0.555000 0.170769 0.050000
