0 0.640365 0.329427 0.701562 0.316146
0 0.265885 0.342969 0.122396 0.231771
0 0.188542 0.356250 0.071875 0.177083
0 0.144271 0.373698 0.032292 0.191146
0 0.110937 0.373177 0.036458 0.153646
0 0.084375 0.375521 0.035417 0.156250
0 0.670052 0.590104 0.659896 0.295833
0 0.288281 0.557292 0.122396 0.225000
0 0.192969 0.520312 0.070312 0.166667
0 0.155469 0.525521 0.028646 0.140625
0 0.113542 0.509635 0.026042 0.117188
0 0.087760 0.500781 0.023438 0.085938
0 0.697135 0.829688 0.601562 0.340625
0 0.344271 0.801302 0.166667 0.335938
0 0.234115 0.731771 0.090104 0.261458
0 0.172917 0.678906 0.045833 0.179688
0 0.136458 0.640625 0.040625 0.162500
0 0.105208 0.611458 0.040625 0.145833
0 0.801823 0.266406 0.142187 0.085938
0 0.921615 0.257031 0.152604 0.106771
0 0.968229 0.376302 0.063542 0.144271
