0 0.311111 0.680093 0.277778 0.187963
0 0.475347 0.667593 0.053472 0.120370
0 0.520486 0.640741 0.039583 0.096296
0 0.556250 0.627778 0.033333 0.092593
0 0.586111 0.625000 0.026389 0.092593
0 0.609028 0.613426 0.025000 0.071296
0 0.626736 0.602778 0.018750 0.066667
0 0.345833 0.561574 0.259722 0.152778
0 0.493750 0.543981 0.052778 0.121296
0 0.533333 0.542593 0.041667 0.112963
0 0.569792 0.543981 0.029861 0.097222
0 0.593750 0.540741 0.022222 0.081481
0 0.614583 0.538426 0.020833 0.065741
0 0.630903 0.536111 0.013194 0.061111
0 0.434722 0.447222 0.220833 0.109259
0 0.555556 0.458333 0.044444 0.088889
0 0.587847 0.460648 0.027083 0.082407
0 0.612153 0.468519 0.015972 0.075926
0 0.627778 0.473611 0.016667 0.069444
0 0.492708 0.373148 0.188194 0.087037
0 0.596528 0.383796 0.027778 0.086111
0 0.617014 0.395370 0.020139 0.068519
0 0.635069 0.406481 0.017361 0.061111
0 0.582986 0.351389 0.134028 0.056481
0 0.722222 0.476389 0.026389 0.186111
0 0.320486 0.359259 0.122917 0.088889
0 0.234028 0.352778 0.066667 0.062963
0 0.252778 0.447685 0.152778 0.136111
0 0.331597 0.406481 0.050694 0.046296
0 0.171875 0.574074 0.090972 0.140741
0 0.087153 0.575926 0.082639 0.133333
0 0.025000 0.572222 0.047222 0.127778
0 0.135069 0.453704 0.092361 0.138889
0 0.056250 0.461111 0.080556 0.127778
0 0.015278 0.449074 0.029167 0.109259
0 0.170833 0.358796 0.045833 0.075000
0 0.128472 0.358796 0.048611 0.063889
0 0.087500 0.368519 0.047222 0.061111
0 0.044444 0.368981 0.044444 0.050926
0 0.013542 0.369907 0.025694 0.058333
0 0.805556 0.556481 0.070833 0.079630
0 0.869792 0.562963 0.064583 0.096296
0 0.946528 0.568056 0.073611 0.099074
0 0.973611 0.501852 0.052778 0.079630
0 0.903819 0.500000 0.056250 0.066667
0 0.839583 0.499074 0.062500 0.061111
0 0.827083 0.471296 0.059722 0.068519
0 0.897222 0.470833 0.063889 0.075000
0 0.957986 0.462500 0.065972 0.060185
