0 0.457986 0.835648 0.415972 0.215741
0 0.234375 0.835185 0.032639 0.116667
0 0.209375 0.788889 0.031250 0.101852
0 0.180556 0.762963 0.030556 0.088889
0 0.158333 0.754167 0.023611 0.093519
0 0.139583 0.727778 0.026389 0.074074
0 0.120139 0.710185 0.026389 0.062963
0 0.425694 0.698148 0.430556 0.146296
0 0.219792 0.692130 0.052083 0.099074
0 0.190278 0.675000 0.048611 0.079630
0 0.167708 0.665278 0.052083 0.069444
0 0.151042 0.646296 0.053472 0.068519
0 0.116319 0.643519 0.034028 0.068519
0 0.100000 0.643056 0.027778 0.054630
0 0.434722 0.587500 0.373611 0.110185
0 0.231597 0.593981 0.036806 0.089815
0 0.199306 0.585185 0.027778 0.074074
0 0.176736 0.590278 0.031250 0.080556
0 0.398611 0.496759 0.368056 0.106481
0 0.201389 0.504167 0.036111 0.095370
0 0.171528 0.502778 0.037500 0.079630
0 0.149653 0.508333 0.036806 0.079630
0 0.132639 0.507870 0.022222 0.071296
0 0.112847 0.504630 0.017361 0.057407
0 0.100000 0.501389 0.023611 0.054630
0 0.400000 0.406481 0.351389 0.124074
0 0.209722 0.406481 0.040278 0.085185
0 0.318056 0.335185 0.319444 0.096296
0 0.148611 0.352778 0.029167 0.083333
0 0.132986 0.365741 0.014583 0.062963
0 0.118403 0.369444 0.025694 0.068519
0 0.099653 0.380093 0.021528 0.060185
0 0.090278 0.338889 0.052778 0.044444
0 0.062847 0.348148 0.015972 0.033333
0 0.044444 0.358796 0.029167 0.054630
0 0.023264 0.368519 0.017361 0.035185
0 0.643403 0.376852 0.190972 0.085185
0 0.526042 0.371296 0.047917 0.055556
0 0.490625 0.368981 0.025694 0.043519
0 0.664583 0.440278 0.195833 0.067593
0 0.702083 0.503704 0.211111 0.083333
0 0.727083 0.573148 0.240278 0.101852
0 0.838889 0.649074 0.225000 0.105556
0 0.850694 0.734722 0.220833 0.145370
0 0.714931 0.751389 0.071528 0.106481
0 0.752431 0.656944 0.210417 0.102778
0 0.648264 0.717593 0.047917 0.072222
0 0.626389 0.643981 0.031944 0.065741
0 0.838542 0.446296 0.136806 0.059259
0 0.867361 0.495833 0.137500 0.067593
0 0.897222 0.542593 0.150000 0.061111
0 0.926389 0.597222 0.123611 0.057407
0 0.959722 0.650926 0.080556 0.072222
0 0.774653 0.392593 0.115972 0.062963
0 0.909722 0.390741 0.090278 0.046296
0 0.846181 0.393519 0.036806 0.040741
0 0.964236 0.427315 0.068750 0.047222
0 0.974306 0.458333 0.051389 0.037037
0 0.910764 0.431019 0.036806 0.049074
0 0.926042 0.454167 0.028472 0.028704
