0 0.690833 0.554444 0.151667 0.108889
0 0.573333 0.558889 0.096667 0.104444
0 0.485000 0.563333 0.100000 0.104444
0 0.404167 0.567778 0.081667 0.095556
0 0.339167 0.567778 0.081667 0.091111
0 0.270000 0.568889 0.070000 0.088889
0 0.203333 0.566667 0.066667 0.080000
0 0.148333 0.570000 0.050000 0.077778
0 0.101667 0.566667 0.050000 0.071111
0 0.054167 0.570000 0.048333 0.077778
0 0.015833 0.565556 0.028333 0.068889
0 0.729167 0.662222 0.155000 0.128889
0 0.606667 0.657778 0.090000 0.128889
0 0.521667 0.658889 0.090000 0.126667
0 0.440000 0.661111 0.066667 0.131111
0 0.363333 0.661111 0.076667 0.126667
0 0.297500 0.655556 0.071667 0.120000
0 0.235000 0.646667 0.063333 0.093333
0 0.176667 0.648889 0.053333 0.088889
0 0.127500 0.645556 0.055000 0.095556
0 0.078333 0.643333 0.053333 0.086667
0 0.031667 0.633333 0.046667 0.084444
0 0.822500 0.625556 0.101667 0.104444
0 0.792500 0.547778 0.088333 0.077778
0 0.728333 0.470000 0.140000 0.100000
0 0.614167 0.468889 0.081667 0.084444
0 0.543333 0.473333 0.076667 0.093333
0 0.473333 0.474444 0.063333 0.082222
0 0.411667 0.478889 0.076667 0.082222
0 0.345833 0.484444 0.061667 0.071111
0 0.287500 0.494444 0.055000 0.095556
0 0.236667 0.488889 0.050000 0.075556
0 0.189167 0.490000 0.048333 0.068889
0 0.690833 0.405556 0.138333 0.095556
0 0.580833 0.404444 0.078333 0.088889
0 0.508333 0.408889 0.080000 0.084444
0 0.442500 0.410000 0.061667 0.082222
0 0.375833 0.418889 0.065000 0.068889
0 0.314167 0.422222 0.055000 0.066667
0 0.261667 0.422222 0.050000 0.062222
0 0.207500 0.426667 0.055000 0.062222
0 0.232500 0.366667 0.051667 0.084444
0 0.286667 0.352222 0.053333 0.086667
0 0.341667 0.355556 0.056667 0.093333
0 0.401667 0.347778 0.063333 0.095556
0 0.471667 0.333333 0.073333 0.097778
0 0.544167 0.331111 0.075000 0.102222
0 0.651667 0.325556 0.140000 0.100000
0 0.771667 0.397778 0.066667 0.071111
0 0.794167 0.455556 0.085000 0.066667
0 0.839167 0.515556 0.071667 0.057778
0 0.907500 0.544444 0.055000 0.057778
0 0.930000 0.598889 0.056667 0.064444
0 0.863333 0.600000 0.046667 0.084444
