0 0.594375 0.167500 0.398750 0.238333
0 0.375000 0.195833 0.045000 0.165000
0 0.332500 0.216667 0.032500 0.146667
0 0.303750 0.246667 0.037500 0.130000
0 0.273125 0.269167 0.031250 0.105000
0 0.252500 0.287500 0.025000 0.115000
0 0.236875 0.304167 0.016250 0.071667
0 0.650625 0.312500 0.423750 0.241667
0 0.411875 0.334167 0.066250 0.161667
0 0.360000 0.367500 0.047500 0.158333
0 0.325000 0.371667 0.027500 0.136667
0 0.297500 0.363333 0.027500 0.100000
0 0.272500 0.378333 0.020000 0.090000
0 0.253125 0.386667 0.021250 0.080000
0 0.240000 0.385000 0.010000 0.060000
0 0.685625 0.529167 0.488750 0.238333
0 0.409375 0.511667 0.046250 0.193333
0 0.364375 0.501667 0.046250 0.166667
0 0.323125 0.494167 0.023750 0.131667
0 0.301250 0.490833 0.027500 0.125000
0 0.275625 0.480000 0.016250 0.106667
0 0.256250 0.474167 0.020000 0.098333
0 0.244375 0.469167 0.011250 0.075000
0 0.235625 0.459167 0.011250 0.068333
0 0.738125 0.789167 0.523750 0.325000
0 0.447500 0.710833 0.070000 0.265000
0 0.393750 0.666667 0.052500 0.216667
0 0.348750 0.653333 0.035000 0.176667
0 0.318125 0.619167 0.026250 0.141667
0 0.295625 0.600000 0.023750 0.123333
0 0.276250 0.581667 0.030000 0.116667
0 0.255625 0.557500 0.018750 0.085000
0 0.241875 0.541667 0.016250 0.070000
0 0.021875 0.381667 0.033750 0.040000
0 0.036250 0.407500 0.030000 0.025000
0 0.010000 0.407500 0.017500 0.028333
0 0.054375 0.439167 0.026250 0.038333
0 0.024375 0.439167 0.033750 0.041667
0 0.073125 0.465833 0.026250 0.025000
0 0.089375 0.491667 0.023750 0.030000
0 0.040000 0.467500 0.027500 0.035000
0 0.012500 0.465833 0.022500 0.031667
0 0.061875 0.497500 0.028750 0.028333
0 0.028750 0.500000 0.030000 0.050000
0 0.892500 0.212500 0.210000 0.175000
0 0.897500 0.345833 0.205000 0.178333
0 0.933750 0.505833 0.132500 0.188333
0 0.958125 0.646667 0.083750 0.143333
