0 0.655990 0.361574 0.167187 0.215741
0 0.589323 0.310648 0.138021 0.197222
0 0.509375 0.285648 0.070833 0.163889
0 0.462500 0.266204 0.107292 0.167593
0 0.425521 0.219907 0.090625 0.149074
0 0.396354 0.830093 0.213542 0.339815
0 0.335417 0.658333 0.153125 0.185185
0 0.302604 0.560648 0.117708 0.121296
0 0.260677 0.437037 0.064062 0.031481
0 0.240625 0.407870 0.077083 0.045370
0 0.226562 0.379167 0.073958 0.050926
0 0.216146 0.343519 0.063542 0.033333
0 0.208073 0.315741 0.045312 0.022222
0 0.202604 0.299537 0.052083 0.025000
0 0.198177 0.284722 0.057813 0.034259
