0 0.146000 0.728000 0.276000 0.130667
0 0.178667 0.681333 0.205333 0.069333
0 0.194000 0.627333 0.193333 0.092000
0 0.230000 0.554000 0.153333 0.084000
0 0.478000 0.797333 0.460000 0.192000
0 0.493333 0.658667 0.402667 0.152000
0 0.500000 0.529333 0.389333 0.146667
0 0.501333 0.442000 0.352000 0.116000
0 0.505333 0.345333 0.330667 0.098667
0 0.232667 0.490000 0.078667 0.041333
0 0.168667 0.491333 0.049333 0.038667
0 0.117333 0.489333 0.042667 0.040000
0 0.068667 0.492667 0.052000 0.038667
0 0.023333 0.493333 0.038667 0.037333
0 0.137333 0.528667 0.045333 0.038667
0 0.088000 0.524667 0.042667 0.041333
0 0.042667 0.528667 0.045333 0.033333
0 0.118000 0.566667 0.054667 0.037333
0 0.060667 0.569333 0.049333 0.037333
0 0.018000 0.566667 0.033333 0.040000
0 0.075333 0.612667 0.036000 0.044000
0 0.027333 0.614667 0.046667 0.050667
0 0.861333 0.313333 0.277333 0.138667
0 0.862000 0.423333 0.276000 0.142667
0 0.863333 0.534667 0.273333 0.165333
0 0.866000 0.679333 0.268000 0.174667
0 0.878000 0.852000 0.244000 0.229333
0 0.705333 0.336667 0.034667 0.094667
0 0.678667 0.365333 0.026667 0.077333
0 0.726000 0.645333 0.038667 0.106667
0 0.716667 0.524000 0.022667 0.122667
