0 0.279687 0.724422 0.341667 0.348735
0 0.305729 0.559956 0.264583 0.121012
0 0.324479 0.511551 0.233333 0.077008
0 0.359635 0.487899 0.167187 0.078108
0 0.357552 0.378438 0.163021 0.151815
0 0.740365 0.497800 0.514062 0.463146
0 0.751302 0.854785 0.497396 0.270627
0 0.485417 0.814631 0.032292 0.370737
0 0.470833 0.490649 0.040625 0.347635
0 0.470313 0.417492 0.045833 0.249725
0 0.221354 0.455996 0.084375 0.086909
0 0.051562 0.316282 0.013542 0.051705
0 0.071354 0.317932 0.026042 0.048405
0 0.090365 0.316282 0.011979 0.045105
0 0.100521 0.319032 0.008333 0.039604
0 0.108333 0.319032 0.007292 0.039604
0 0.117969 0.318482 0.011979 0.040704
0 0.131510 0.315732 0.015104 0.035204
0 0.153646 0.317932 0.029167 0.030803
0 0.177604 0.321232 0.018750 0.037404
0 0.200000 0.322332 0.026042 0.035204
0 0.225260 0.319582 0.024479 0.029703
0 0.248177 0.320682 0.021354 0.027503
0 0.266146 0.322882 0.014583 0.031903
0 0.268490 0.356436 0.009896 0.035204
0 0.253646 0.359186 0.020833 0.029703
0 0.225000 0.360836 0.036458 0.033003
0 0.199740 0.359736 0.014063 0.035204
0 0.183854 0.357536 0.017708 0.026403
0 0.167969 0.352585 0.014063 0.036304
0 0.155469 0.355336 0.010937 0.041804
0 0.145313 0.355336 0.009375 0.041804
0 0.137240 0.353135 0.006771 0.037404
0 0.130208 0.358086 0.007292 0.027503
0 0.123177 0.360286 0.006771 0.031903
0 0.114583 0.360286 0.010417 0.031903
0 0.105208 0.364686 0.008333 0.040704
0 0.096094 0.364686 0.009896 0.040704
0 0.086979 0.363586 0.008333 0.038504
0 0.074219 0.360286 0.017188 0.040704
0 0.058594 0.359736 0.014063 0.039604
0 0.046094 0.366337 0.010937 0.026403
0 0.033594 0.370737 0.014063 0.035204
