0 0.536111 0.786667 0.365556 0.290370
0 0.760556 0.784444 0.152222 0.280000
0 0.867222 0.773333 0.107778 0.254815
0 0.940000 0.764444 0.088889 0.228148
0 0.337222 0.676296 0.096667 0.060741
0 0.338889 0.741481 0.044444 0.081481
0 0.198889 0.746667 0.153333 0.097778
0 0.237222 0.835556 0.138889 0.082963
0 0.128333 0.845926 0.121111 0.088889
0 0.168333 0.657778 0.172222 0.094815
0 0.268333 0.666667 0.043333 0.077037
0 0.066111 0.657037 0.045556 0.075556
0 0.082778 0.747407 0.096667 0.102222
0 0.026667 0.661481 0.051111 0.063704
