0 0.692969 0.292187 0.614062 0.231250
0 0.340104 0.315625 0.135417 0.177083
0 0.243229 0.331510 0.087500 0.143229
0 0.179427 0.335156 0.053646 0.117188
0 0.142448 0.330208 0.033854 0.098958
0 0.112500 0.340625 0.036458 0.093750
0 0.089063 0.343229 0.026042 0.088542
0 0.716927 0.495052 0.566146 0.298438
0 0.390885 0.473177 0.132812 0.231771
0 0.287500 0.469271 0.100000 0.192708
0 0.211198 0.459115 0.065104 0.164062
0 0.156510 0.449740 0.049479 0.127604
0 0.109896 0.427865 0.036458 0.085938
0 0.084375 0.423177 0.032292 0.079687
0 0.767188 0.739583 0.465625 0.332292
0 0.454688 0.679167 0.161458 0.213542
0 0.326042 0.623177 0.093750 0.164062
0 0.252344 0.585417 0.081771 0.135417
0 0.189062 0.560677 0.057292 0.122396
0 0.149479 0.537760 0.035417 0.081771
0 0.119531 0.515104 0.029687 0.083333
0 0.094792 0.496615 0.027083 0.070312
0 0.077344 0.484896 0.018229 0.046875
0 0.815365 0.901042 0.369271 0.196875
0 0.535937 0.880469 0.211458 0.239063
0 0.388281 0.822135 0.122396 0.257812
0 0.294010 0.726042 0.092188 0.203125
0 0.232292 0.678906 0.062500 0.148438
0 0.177344 0.644531 0.044271 0.123438
0 0.142187 0.611458 0.036458 0.104167
0 0.110937 0.586458 0.031250 0.098958
0 0.087500 0.569010 0.026042 0.079687
0 0.067448 0.546094 0.017188 0.075521
