0 0.172487 0.621469 0.294180 0.717514
0 0.112169 0.213983 0.173545 0.396893
0 0.317460 0.225989 0.249735 0.418079
0 0.506878 0.208333 0.133333 0.371469
0 0.629630 0.210452 0.112169 0.387006
0 0.717460 0.212571 0.071958 0.388418
0 0.769312 0.222458 0.052910 0.360169
0 0.816402 0.257768 0.039153 0.323446
0 0.844444 0.286017 0.035979 0.269774
0 0.870899 0.290960 0.031746 0.262712
0 0.897354 0.293785 0.025397 0.194915
0 0.921693 0.312853 0.027513 0.193503
0 0.945503 0.319915 0.030688 0.168079
0 0.420106 0.639831 0.253968 0.655367
0 0.581481 0.615819 0.096296 0.564972
0 0.676720 0.588983 0.077249 0.468927
0 0.741270 0.559322 0.068783 0.384181
0 0.789947 0.541667 0.047619 0.334746
0 0.826455 0.528249 0.042328 0.259887
0 0.859788 0.518362 0.037037 0.225989
0 0.892063 0.504944 0.023280 0.204802
0 0.914286 0.508475 0.035979 0.206215
0 0.943915 0.488701 0.033862 0.163842
0 0.549735 0.920904 0.081481 0.129944
0 0.633333 0.875000 0.094180 0.199153
0 0.720635 0.848870 0.076190 0.251412
0 0.769841 0.850989 0.045503 0.286723
0 0.806349 0.811441 0.055026 0.303672
0 0.842857 0.783192 0.032804 0.272599
0 0.869841 0.758475 0.027513 0.231638
0 0.889947 0.730932 0.014815 0.207627
0 0.906878 0.704096 0.027513 0.176554
0 0.921693 0.678672 0.021164 0.139831
0 0.935450 0.663136 0.012698 0.153955
0 0.955026 0.634181 0.030688 0.155367
