0 0.602778 0.692708 0.631481 0.338194
0 0.089352 0.380903 0.032407 0.038194
0 0.050926 0.388194 0.044444 0.034722
0 0.015741 0.393750 0.022222 0.045833
0 0.108333 0.407986 0.025926 0.025694
0 0.071296 0.419444 0.035185 0.038889
0 0.033796 0.422569 0.034259 0.039583
0 0.012037 0.433681 0.018519 0.038194
0 0.281481 0.255208 0.183333 0.060417
0 0.275463 0.313889 0.175000 0.054167
0 0.259259 0.373264 0.187037 0.064583
0 0.359259 0.364583 0.055556 0.050000
0 0.127778 0.314931 0.120370 0.060417
0 0.121296 0.360417 0.096296 0.048611
0 0.103704 0.267014 0.068519 0.027083
0 0.175926 0.264931 0.051852 0.028472
