0 0.607333 0.104667 0.484000 0.206667
0 0.314000 0.116000 0.145333 0.221333
0 0.202667 0.116667 0.120000 0.201333
0 0.072667 0.146000 0.142667 0.182667
0 0.700667 0.634667 0.598667 0.653333
0 0.914000 0.324667 0.169333 0.198667
0 0.880667 0.704000 0.238667 0.576000
0 0.411333 0.566667 0.465333 0.576000
0 0.722667 0.281333 0.360000 0.184000
0 0.496667 0.268000 0.273333 0.120000
0 0.204667 0.496667 0.406667 0.436000
0 0.112000 0.320000 0.218667 0.104000
0 0.304000 0.255333 0.242667 0.076000
0 0.204000 0.258000 0.200000 0.068000
0 0.096000 0.246000 0.186667 0.054667
0 0.820667 0.203333 0.278667 0.148000
0 0.694000 0.176000 0.438667 0.136000
