0 0.418125 0.160625 0.203750 0.158750
0 0.318750 0.258125 0.132500 0.116250
0 0.466250 0.263125 0.177500 0.123750
0 0.264375 0.375625 0.121250 0.126250
0 0.385000 0.370000 0.125000 0.110000
0 0.511875 0.372500 0.141250 0.120000
0 0.195000 0.471250 0.122500 0.112500
0 0.326250 0.475625 0.117500 0.118750
0 0.438750 0.476875 0.130000 0.118750
0 0.574375 0.458750 0.121250 0.152500
0 0.142500 0.569375 0.127500 0.111250
0 0.264375 0.575625 0.121250 0.113750
0 0.389375 0.583125 0.116250 0.126250
0 0.508125 0.590625 0.123750 0.128750
0 0.643125 0.537500 0.126250 0.205000
0 0.708125 0.658750 0.126250 0.217500
0 0.571875 0.694375 0.131250 0.128750
0 0.445625 0.695625 0.121250 0.131250
0 0.321875 0.688750 0.123750 0.132500
0 0.201250 0.681250 0.120000 0.122500
0 0.090000 0.678125 0.102500 0.128750
0 0.053125 0.382500 0.103750 0.162500
0 0.078750 0.566250 0.155000 0.230000
0 0.560000 0.250000 0.067500 0.055000
0 0.586250 0.301875 0.065000 0.061250
0 0.612500 0.355625 0.060000 0.063750
0 0.651250 0.413125 0.055000 0.066250
0 0.677500 0.466250 0.057500 0.055000
0 0.704375 0.507500 0.061250 0.052500
0 0.728750 0.352500 0.080000 0.072500
0 0.795625 0.353750 0.091250 0.072500
0 0.855000 0.351875 0.092500 0.068750
0 0.894375 0.404375 0.071250 0.053750
0 0.832500 0.406875 0.065000 0.056250
0 0.770625 0.410625 0.053750 0.063750
0 0.708125 0.403750 0.058750 0.077500
0 0.738750 0.460625 0.065000 0.051250
0 0.796875 0.459375 0.066250 0.051250
0 0.860625 0.456250 0.056250 0.050000
0 0.921875 0.455000 0.066250 0.052500
0 0.951875 0.508750 0.068750 0.057500
0 0.890000 0.511875 0.060000 0.058750
0 0.831875 0.513750 0.061250 0.052500
0 0.766875 0.506250 0.058750 0.040000
0 0.708125 0.509375 0.051250 0.048750
0 0.988750 0.378125 0.022500 0.046250
0 0.976875 0.413750 0.046250 0.045000
0 0.968750 0.477500 0.062500 0.112500
