0 0.317500 0.251250 0.627500 0.460000
0 0.290625 0.416875 0.578750 0.388750
0 0.242500 0.615000 0.482500 0.300000
0 0.203750 0.854375 0.405000 0.273750
0 0.138750 0.966250 0.270000 0.060000
0 0.706875 0.175625 0.186250 0.248750
0 0.664375 0.381250 0.196250 0.250000
0 0.586250 0.590000 0.185000 0.250000
0 0.505000 0.805000 0.205000 0.247500
0 0.455625 0.953125 0.213750 0.088750
0 0.868125 0.188125 0.183750 0.231250
0 0.971875 0.195000 0.056250 0.172500
0 0.813750 0.373125 0.147500 0.208750
0 0.944375 0.365625 0.111250 0.198750
0 0.771250 0.566250 0.170000 0.220000
0 0.913750 0.535000 0.142500 0.195000
0 0.713125 0.770625 0.181250 0.231250
0 0.650000 0.930000 0.200000 0.140000
0 0.821250 0.905625 0.162500 0.188750
0 0.886875 0.718125 0.153750 0.196250
0 0.971250 0.705000 0.055000 0.197500
0 0.938125 0.881875 0.116250 0.193750
