0 0.334667 0.550000 0.317333 0.124000
0 0.164000 0.553333 0.021333 0.088000
0 0.135333 0.543333 0.028000 0.076000
0 0.097333 0.527333 0.024000 0.062667
0 0.077333 0.519333 0.021333 0.065333
0 0.056667 0.516667 0.025333 0.057333
0 0.849333 0.886000 0.301333 0.222667
0 0.759333 0.844667 0.444000 0.310667
0 0.637333 0.837333 0.418667 0.296000
0 0.550667 0.764667 0.405333 0.241333
0 0.469333 0.724667 0.357333 0.201333
0 0.396667 0.697333 0.329333 0.184000
0 0.352667 0.662000 0.318667 0.142667
0 0.929333 0.243333 0.122667 0.156000
0 0.816000 0.276667 0.120000 0.113333
0 0.706667 0.281333 0.101333 0.112000
0 0.615333 0.286000 0.076000 0.094667
0 0.549333 0.308000 0.061333 0.090667
0 0.494000 0.322000 0.057333 0.089333
0 0.446000 0.317333 0.044000 0.080000
0 0.401333 0.326000 0.042667 0.070667
0 0.363333 0.338667 0.033333 0.061333
0 0.336667 0.344667 0.028000 0.057333
0 0.308667 0.343333 0.028000 0.057333
0 0.276000 0.348667 0.021333 0.052000
0 0.256000 0.349333 0.026667 0.048000
0 0.238000 0.360000 0.028000 0.037333
0 0.962667 0.381333 0.074667 0.186667
0 0.862667 0.390667 0.141333 0.162667
0 0.746667 0.390667 0.109333 0.125333
0 0.658667 0.392667 0.098667 0.105333
0 0.578667 0.392667 0.072000 0.105333
0 0.517333 0.409333 0.072000 0.109333
0 0.466667 0.397333 0.053333 0.090667
0 0.424667 0.400000 0.054667 0.090667
0 0.386000 0.399333 0.046667 0.073333
0 0.349333 0.416000 0.042667 0.077333
0 0.318000 0.410000 0.033333 0.060000
0 0.291333 0.408667 0.028000 0.057333
0 0.269333 0.408000 0.024000 0.050667
0 0.243333 0.408667 0.020000 0.062667
0 0.219333 0.405333 0.025333 0.048000
0 0.930000 0.526000 0.137333 0.145333
0 0.807333 0.500000 0.105333 0.117333
0 0.696000 0.488000 0.088000 0.120000
0 0.614000 0.484000 0.065333 0.098667
0 0.561333 0.484000 0.050667 0.072000
0 0.510667 0.474000 0.045333 0.062667
0 0.454667 0.465333 0.040000 0.061333
0 0.414667 0.466667 0.037333 0.053333
0 0.376000 0.460667 0.032000 0.041333
0 0.340667 0.464000 0.025333 0.048000
0 0.314000 0.460000 0.025333 0.037333
0 0.288000 0.456667 0.024000 0.041333
0 0.266667 0.458667 0.026667 0.037333
0 0.246667 0.456667 0.008000 0.038667
0 0.228667 0.452667 0.028000 0.033333
0 0.960000 0.654667 0.080000 0.168000
0 0.855333 0.635333 0.118667 0.166667
0 0.744000 0.598000 0.096000 0.148000
0 0.660000 0.576000 0.069333 0.130667
0 0.598000 0.559333 0.054667 0.113333
0 0.534000 0.558000 0.054667 0.108000
