0 0.025000 0.369333 0.046000 0.242667
0 0.129000 0.386667 0.238000 0.309333
0 0.311000 0.382667 0.286000 0.301333
0 0.506000 0.372000 0.272000 0.312000
0 0.685000 0.376000 0.266000 0.298667
0 0.855000 0.362667 0.290000 0.277333
0 0.956000 0.584000 0.088000 0.261333
0 0.831000 0.600000 0.194000 0.266667
0 0.634000 0.616000 0.192000 0.266667
0 0.458000 0.624000 0.200000 0.277333
0 0.254000 0.618667 0.208000 0.272000
0 0.073000 0.625333 0.142000 0.280000
0 0.632000 0.202667 0.240000 0.085333
0 0.795000 0.209333 0.146000 0.066667
0 0.927000 0.233333 0.142000 0.136000
0 0.146000 0.186667 0.236000 0.048000
