0 0.288667 0.590000 0.574667 0.820000
0 0.406000 0.562667 0.788000 0.805333
0 0.547333 0.502000 0.894667 0.689333
0 0.594667 0.438000 0.810667 0.569333
0 0.665333 0.316000 0.669333 0.341333
0 0.702000 0.240000 0.596000 0.205333
0 0.741333 0.166000 0.517333 0.180000
0 0.820667 0.058000 0.358667 0.097333
0 0.017333 0.027333 0.026667 0.046667
0 0.075333 0.026000 0.057333 0.041333
0 0.134000 0.034667 0.062667 0.050667
0 0.188000 0.032000 0.053333 0.045333
0 0.240667 0.026667 0.054667 0.042667
0 0.045333 0.068000 0.064000 0.048000
0 0.107333 0.078000 0.060000 0.052000
0 0.172667 0.077333 0.054667 0.050667
0 0.223333 0.070667 0.046667 0.050667
0 0.264000 0.062000 0.045333 0.049333
0 0.311333 0.056000 0.052000 0.042667
0 0.340667 0.017333 0.073333 0.032000
0 0.411333 0.022000 0.078667 0.041333
0 0.372000 0.051333 0.053333 0.060000
0 0.422667 0.076667 0.050667 0.062667
0 0.461333 0.086000 0.029333 0.044000
0 0.025333 0.120667 0.037333 0.060000
0 0.078000 0.114000 0.065333 0.046667
0 0.146000 0.112667 0.060000 0.041333
0 0.204000 0.112000 0.042667 0.040000
0 0.252667 0.111333 0.044000 0.041333
0 0.296000 0.100667 0.040000 0.046667
0 0.334667 0.096667 0.040000 0.036000
0 0.360000 0.130667 0.042667 0.034667
0 0.319333 0.134667 0.046667 0.026667
0 0.276000 0.146000 0.032000 0.038667
0 0.235333 0.146667 0.052000 0.040000
0 0.184000 0.152000 0.048000 0.042667
0 0.119333 0.154000 0.052000 0.049333
0 0.052667 0.160667 0.054667 0.036000
0 0.483333 0.028000 0.054667 0.042667
0 0.522000 0.026667 0.036000 0.037333
0 0.556000 0.024000 0.037333 0.042667
0 0.477333 0.054667 0.034667 0.026667
0 0.514000 0.059333 0.030667 0.028000
