0 0.221557 0.635000 0.279441 0.265000
0 0.371257 0.617500 0.283433 0.250000
0 0.504990 0.602500 0.287425 0.240000
0 0.627745 0.605000 0.313373 0.245000
0 0.719561 0.585000 0.325349 0.230000
0 0.809381 0.566250 0.321357 0.187500
0 0.885230 0.560000 0.229541 0.180000
0 0.145709 0.810000 0.271457 0.330000
0 0.364271 0.846250 0.153693 0.222500
0 0.513972 0.832500 0.133733 0.215000
0 0.643713 0.797500 0.125749 0.185000
0 0.769461 0.776250 0.109780 0.167500
0 0.869261 0.747500 0.109780 0.145000
0 0.958084 0.737500 0.079840 0.165000
0 0.264471 0.173750 0.213573 0.152500
0 0.421158 0.167500 0.115768 0.135000
0 0.516966 0.170000 0.107784 0.125000
0 0.616766 0.198750 0.099800 0.137500
0 0.218563 0.301250 0.189621 0.137500
0 0.365269 0.302500 0.107784 0.135000
0 0.476048 0.300000 0.093812 0.135000
0 0.569860 0.312500 0.101796 0.140000
0 0.651697 0.315000 0.085828 0.125000
0 0.721557 0.310000 0.105788 0.130000
0 0.793413 0.297500 0.117764 0.110000
0 0.825349 0.407500 0.081836 0.100000
0 0.756487 0.421250 0.071856 0.087500
0 0.688623 0.421250 0.071856 0.102500
0 0.604790 0.423750 0.067864 0.097500
0 0.518962 0.420000 0.079840 0.110000
0 0.419162 0.425000 0.095808 0.135000
0 0.311377 0.441250 0.111776 0.147500
0 0.168663 0.431250 0.169661 0.152500
0 0.083832 0.535000 0.139721 0.165000
0 0.048902 0.613750 0.093812 0.132500
