0 0.407292 0.557422 0.456250 0.066406
0 0.644792 0.568359 0.018750 0.047656
0 0.661979 0.571484 0.015625 0.053906
0 0.679688 0.582812 0.019792 0.042188
0 0.705729 0.591406 0.026042 0.046875
0 0.721875 0.596875 0.010417 0.034375
0 0.734896 0.606250 0.001042 0.040625
0 0.753125 0.610547 0.010417 0.036719
0 0.768229 0.617578 0.003125 0.038281
0 0.780208 0.620313 0.010417 0.031250
0 0.794271 0.627734 0.003125 0.032031
0 0.358333 0.610547 0.485417 0.067969
0 0.607292 0.620313 0.018750 0.046875
0 0.626563 0.623437 0.023958 0.042188
0 0.676042 0.633984 0.037500 0.044531
0 0.704688 0.642969 0.023958 0.042188
0 0.745833 0.655078 0.058333 0.038281
0 0.365104 0.671484 0.488542 0.085156
0 0.619792 0.681250 0.022917 0.062500
0 0.652083 0.681250 0.031250 0.065625
0 0.670312 0.689844 0.015625 0.050000
0 0.685937 0.683594 0.023958 0.050000
0 0.719271 0.692578 0.032292 0.044531
0 0.742188 0.696094 0.021875 0.043750
0 0.763021 0.699609 0.013542 0.050781
0 0.774479 0.703516 0.015625 0.041406
0 0.318750 0.740234 0.510417 0.088281
0 0.594271 0.743750 0.044792 0.065625
0 0.631771 0.744141 0.038542 0.047656
0 0.661979 0.742188 0.021875 0.035937
0 0.680729 0.742188 0.021875 0.043750
0 0.703125 0.745703 0.020833 0.046094
0 0.736979 0.747656 0.048958 0.050000
0 0.321354 0.802734 0.544792 0.092969
0 0.597396 0.812109 0.034375 0.060156
0 0.626563 0.803125 0.034375 0.064062
0 0.654167 0.807813 0.016667 0.054688
0 0.669271 0.799609 0.030208 0.041406
0 0.695833 0.795703 0.025000 0.046094
0 0.726562 0.796484 0.042708 0.044531
0 0.279167 0.876953 0.527083 0.096094
0 0.557292 0.877344 0.035417 0.057813
0 0.602083 0.870703 0.056250 0.063281
0 0.636979 0.866797 0.019792 0.060156
0 0.659896 0.856641 0.036458 0.039844
0 0.707812 0.845703 0.046875 0.041406
0 0.751042 0.840625 0.031250 0.039062
0 0.784375 0.835547 0.029167 0.038281
0 0.269271 0.944141 0.534375 0.102344
0 0.558333 0.946875 0.037500 0.059375
0 0.581771 0.931641 0.032292 0.053906
0 0.615625 0.932813 0.039583 0.059375
