0 0.211227 0.716146 0.417824 0.564236
0 0.744213 0.762153 0.509259 0.475694
0 0.578125 0.711372 0.334491 0.577257
0 0.895255 0.582899 0.209491 0.348090
0 0.201968 0.442274 0.285880 0.139757
0 0.227431 0.385851 0.207176 0.103299
0 0.507523 0.401476 0.244213 0.077257
0 0.784144 0.440972 0.248843 0.170139
0 0.958333 0.388021 0.083333 0.086806
0 0.886574 0.345486 0.180556 0.057292
0 0.689815 0.353733 0.185185 0.063368
0 0.465278 0.354601 0.166667 0.051215
0 0.242477 0.328993 0.156250 0.043403
0 0.101852 0.373698 0.129630 0.160590
0 0.133102 0.294271 0.113426 0.029514
0 0.265625 0.300347 0.123843 0.019097
0 0.431713 0.313802 0.152778 0.025174
0 0.629051 0.313802 0.170139 0.030382
0 0.804398 0.312500 0.145833 0.053819
0 0.954282 0.309462 0.091435 0.049479
0 0.980324 0.282118 0.039352 0.031250
0 0.905671 0.286458 0.109954 0.034722
0 0.934606 0.266059 0.070602 0.037326
0 0.824653 0.272569 0.098380 0.024306
0 0.737269 0.287326 0.111111 0.022569
0 0.688657 0.277778 0.099537 0.024306
0 0.605324 0.290365 0.131944 0.019965
0 0.574074 0.279514 0.127315 0.022569
0 0.435764 0.293403 0.130787 0.026042
0 0.287037 0.282118 0.108796 0.022569
0 0.057870 0.272569 0.090278 0.045139
